0.0000271 0.0794319 1.0000000 300.0000000 100000.0000000 0.0000000 0.0000000 0.0000000 300.0000000 0.0835041
0.0027033 0.0794319 1.0000000 300.0000000 100000.0000000 0.4162640 0.2560643 0.2560643 302.0471000 0.0834528
0.0053870 0.0794319 1.0000000 300.0000000 100000.0000000 0.8349220 0.5085741 0.5085741 304.1584000 0.0833114
0.0080514 0.0794319 1.0000000 300.0000000 100000.0000000 1.2449586 0.7526526 0.7526520 306.2956000 0.0830812
0.0106958 0.0794319 1.0000000 300.0000000 100000.0000000 1.5955284 1.0126081 1.0126047 308.4491000 0.0827647
0.0133203 0.0794319 1.0000000 300.0000000 100000.0000000 1.8641071 1.2971182 1.2971150 310.5571000 0.0823564
0.0159247 0.0794319 1.0000000 300.0000000 100000.0000000 2.1286368 1.5659524 1.5659488 312.6120000 0.0818520
0.0185094 0.0794319 1.0000000 300.0000000 100000.0000000 2.3779861 1.8238130 1.8238088 314.6231000 0.0812463
0.0210744 0.0794319 1.0000000 300.0000000 100000.0000000 2.6131566 2.0696505 2.0696449 316.5972000 0.0805376
0.0236203 0.0794319 1.0000000 300.0000000 100000.0000000 2.8352196 2.3025232 2.3025163 318.5408000 0.0796754
0.0261474 0.0794319 1.0000000 300.0000000 100000.0000000 3.0435724 2.5224084 2.5223983 320.4603000 0.0786605
0.0286564 0.0794319 1.0000000 300.0000000 100000.0000000 3.2381453 2.7292712 2.7292587 322.3622000 0.0776366
0.0311480 0.0794319 1.0000000 300.0000000 100000.0000000 3.4189660 2.9233330 2.9233195 324.2540000 0.0764136
0.0336234 0.0794319 1.0000000 300.0000000 100000.0000000 3.5866343 3.1048260 3.1048092 326.1440000 0.0749941
0.0360839 0.0794319 1.0000000 300.0000000 100000.0000000 3.7415043 3.2742016 3.2741871 328.0401000 0.0736755
0.0385311 0.0794319 1.0000000 300.0000000 100000.0000000 3.8842510 3.4317452 3.4317297 329.9497000 0.0722633
0.0409666 0.0794319 1.0000000 300.0000000 100000.0000000 4.0153586 3.5778338 3.5778146 331.8795000 0.0707570
0.0433926 0.0794319 1.0000000 300.0000000 100000.0000000 4.1354256 3.7129045 3.7128827 333.8360000 0.0691577
0.0458111 0.0794319 1.0000000 300.0000000 100000.0000000 4.2452832 3.8374822 3.8374569 335.8257000 0.0673706
0.0482243 0.0794319 1.0000000 300.0000000 100000.0000000 4.3456928 3.9522893 3.9522643 337.8553000 0.0655907
0.0506342 0.0794319 1.0000000 300.0000000 100000.0000000 4.4375684 4.0580361 4.0580100 339.9308000 0.0637257
0.0530426 0.0794319 1.0000000 300.0000000 100000.0000000 4.5218656 4.1554029 4.1553745 342.0575000 0.0616903
0.0554511 0.0794319 1.0000000 300.0000000 100000.0000000 4.5995075 4.2450450 4.2450156 344.2401000 0.0595765
0.0578608 0.0794319 1.0000000 300.0000000 100000.0000000 4.6708994 4.3278448 4.3278209 346.4826000 0.0570548
0.0602723 0.0794319 1.0000000 300.0000000 100000.0000000 4.7370235 4.4044322 4.4044086 348.7891000 0.0548767
0.0626811 0.0794319 1.0000000 300.0000000 100000.0000000 4.7985253 4.4755402 4.4755156 351.1599000 0.0525463
0.0650911 0.0794319 1.0000000 300.0000000 100000.0000000 4.8566085 4.5420955 4.5420725 353.6052000 0.0497933
0.0675016 0.0794319 1.0000000 300.0000000 100000.0000000 4.9124259 4.6052464 4.6052226 356.1348000 0.0473463
0.0698999 0.0794319 1.0000000 300.0000000 100000.0000000 4.9667870 4.6662346 4.6662024 358.7496000 0.0446876
0.0722862 0.0794319 1.0000000 300.0000000 100000.0000000 5.0210387 4.7266652 4.7266374 361.4627000 0.0415491
0.0746627 0.0794319 1.0000000 300.0000000 100000.0000000 5.0772075 4.7879129 4.7878914 364.2881000 0.0384227
0.0770291 0.0794319 1.0000000 300.0000000 100000.0000000 5.1364020 4.8514447 4.8514415 367.2297000 0.0358955
0.0793677 0.0794319 1.0000000 300.0000000 100000.0000000 5.1991634 4.9179354 4.9179334 370.2625000 0.0329871
0.0816804 0.0794319 1.0000000 300.0000000 100000.0000000 5.2659768 4.9877986 4.9878091 373.3754000 0.0305636
0.0839864 0.0794319 1.0000000 300.0000000 100000.0000000 5.3375389 5.0615213 5.0615348 376.5747000 0.0282100
0.0863220 0.0794319 1.0000000 300.0000000 100000.0000000 5.4148338 5.1403529 5.1403594 379.8986000 0.0259494
0.0886658 0.0794319 1.0000000 300.0000000 100000.0000000 5.4983293 5.2245927 5.2246075 383.3298000 0.0235675
0.0909807 0.0794319 1.0000000 300.0000000 100000.0000000 5.5883683 5.3147868 5.3148149 386.8365000 0.0208728
0.0932682 0.0794319 1.0000000 300.0000000 100000.0000000 5.6869709 5.4130077 5.4130544 390.4188000 0.0181864
0.0955319 0.0794319 1.0000000 300.0000000 100000.0000000 5.7958377 5.5205901 5.5206488 394.0843000 0.0160220
0.0977769 0.0794319 1.0000000 300.0000000 100000.0000000 5.9152871 5.6379092 5.6379685 397.8347000 0.0134453
0.1000094 0.0794319 1.0000000 300.0000000 100000.0000000 6.0449021 5.7647124 5.7647684 401.6579000 0.0104870
0.1022330 0.0794319 1.0000000 300.0000000 100000.0000000 6.1865364 5.9027296 5.9027830 405.6478000 0.0084572
0.1044282 0.0794319 1.0000000 300.0000000 100000.0000000 6.3373525 6.0492652 6.0493161 409.6885000 0.0069581
0.1065902 0.0794319 1.0000000 300.0000000 100000.0000000 6.4977445 6.2047574 6.2048017 413.7880000 0.0056671
0.1087315 0.0794319 1.0000000 300.0000000 100000.0000000 6.6725029 6.3740985 6.3741611 418.4792000 0.0044738
0.1108771 0.0794319 1.0000000 300.0000000 100000.0000000 6.8607562 6.5565182 6.5565928 423.4792000 0.0032192
0.1129990 0.0794319 1.0000000 300.0000000 100000.0000000 7.0678249 6.7571625 6.7572401 428.5323000 0.0024439
0.1150720 0.0794319 1.0000000 300.0000000 100000.0000000 7.2884715 6.9707359 6.9708073 433.4914000 0.0018570
0.1170807 0.0794319 1.0000000 300.0000000 100000.0000000 7.5167813 7.1912086 7.1912763 437.9646000 0.0015173
0.1190342 0.0794319 1.0000000 300.0000000 100000.0000000 7.7518173 7.4175119 7.4175664 442.0277000 0.0009501
0.1209914 0.0794319 1.0000000 300.0000000 100000.0000000 8.0013945 7.6570483 7.6570816 446.0608000 0.0000000
0.1229644 0.0794319 1.0000000 300.0000000 100000.0000000 8.2669054 7.9107098 7.9107061 449.7800000 0.0000000
0.1249314 0.0794319 1.0000000 300.0000000 100000.0000000 8.5440841 8.1736803 8.1736426 453.0625000 0.0000000
0.1268973 0.0794319 1.0000000 300.0000000 100000.0000000 8.8322482 8.4444543 8.4444082 456.0126000 0.0000000
0.1288650 0.0794319 1.0000000 300.0000000 100000.0000000 9.1307059 8.7217089 8.7216581 458.7125000 0.0000000
0.1308354 0.0794319 1.0000000 300.0000000 100000.0000000 9.4384908 9.0044800 9.0044713 461.2193000 0.0000000
0.1328083 0.0794319 1.0000000 300.0000000 100000.0000000 9.7543226 9.2922594 9.2922918 463.5798000 0.0000000
0.1347834 0.0794319 1.0000000 300.0000000 100000.0000000 10.0769574 9.5848030 9.5848427 465.8357000 0.0000000
0.1367607 0.0794319 1.0000000 300.0000000 100000.0000000 10.4044645 9.8823531 9.8823982 468.0248000 0.0000000
0.1387413 0.0794319 1.0000000 300.0000000 100000.0000000 10.7348281 10.1853116 10.1855063 470.1786000 0.0000000
0.1407253 0.0794319 1.0000000 300.0000000 100000.0000000 11.0671233 10.4935205 10.4937212 472.3209000 0.0000000
0.1427121 0.0794319 1.0000000 300.0000000 100000.0000000 11.4011345 10.8061727 10.8063304 474.4681000 0.0000000
0.1447026 0.0794319 1.0000000 300.0000000 100000.0000000 11.7364007 11.1231484 11.1232495 476.6339000 0.0000000
0.1466968 0.0794319 1.0000000 300.0000000 100000.0000000 12.0719194 11.4444028 11.4444540 478.8257000 0.0000000
0.1486939 0.0794319 1.0000000 300.0000000 100000.0000000 12.4076070 11.7692714 11.7693190 481.0460000 0.0000000
0.1506923 0.0794319 1.0000000 300.0000000 100000.0000000 12.7438521 12.0968414 12.0969075 483.2959000 0.0000000
0.1526900 0.0794319 1.0000000 300.0000000 100000.0000000 13.0806305 12.4263695 12.4264529 485.5750000 0.0000000
0.1546828 0.0794319 1.0000000 300.0000000 100000.0000000 13.4174803 12.7568680 12.7569470 487.8795000 0.0000000
0.1566681 0.0794319 1.0000000 300.0000000 100000.0000000 13.7540317 13.0877344 13.0878303 490.2068000 0.0000000
0.1586446 0.0794319 1.0000000 300.0000000 100000.0000000 14.0899920 13.4186859 13.4188040 492.5549000 0.0000000
0.1606110 0.0794319 1.0000000 300.0000000 100000.0000000 14.4252780 13.7494419 13.7495582 494.9213000 0.0000000
0.1625666 0.0794319 1.0000000 300.0000000 100000.0000000 14.7598061 14.0798232 14.0799373 497.3039000 0.0000000
0.1645108 0.0794319 1.0000000 300.0000000 100000.0000000 15.0935324 14.4097424 14.4098528 499.7004000 0.0000000
0.1664430 0.0794319 1.0000000 300.0000000 100000.0000000 15.4264344 14.7391596 14.7392579 502.1083000 0.0000000
0.1683626 0.0794319 1.0000000 300.0000000 100000.0000000 15.7585135 15.0680886 15.0681728 504.5267000 0.0000000
0.1702693 0.0794319 1.0000000 300.0000000 100000.0000000 16.0898960 15.3966139 15.3966885 506.9597000 0.0000000
0.1721629 0.0794319 1.0000000 300.0000000 100000.0000000 16.4207115 15.7248559 15.7249286 509.4060000 0.0000000
0.1740432 0.0794319 1.0000000 300.0000000 100000.0000000 16.7510538 16.0529068 16.0529708 511.8581000 0.0000000
0.1759102 0.0794319 1.0000000 300.0000000 100000.0000000 17.0810466 16.3808378 16.3808878 514.3125000 0.0000000
0.1777637 0.0794319 1.0000000 300.0000000 100000.0000000 17.4108023 16.7087325 16.7087625 516.7667000 0.0000000
0.1796038 0.0794319 1.0000000 300.0000000 100000.0000000 17.7404476 17.0366623 17.0366764 519.2179000 0.0000000
0.1814304 0.0794319 1.0000000 300.0000000 100000.0000000 18.0701184 17.3646878 17.3647036 521.6631000 0.0000000
0.1832437 0.0794319 1.0000000 300.0000000 100000.0000000 18.3999594 17.6928730 17.6928906 524.0994000 0.0000000
0.1850440 0.0794319 1.0000000 300.0000000 100000.0000000 18.7301046 18.0212740 18.0212811 526.5241000 0.0000000
0.1868316 0.0794319 1.0000000 300.0000000 100000.0000000 19.0606824 18.3499253 18.3499133 528.9350000 0.0000000
0.1886069 0.0794319 1.0000000 300.0000000 100000.0000000 19.3917942 18.6788597 18.6788210 531.3302000 0.0000000
0.1903703 0.0794319 1.0000000 300.0000000 100000.0000000 19.7235057 19.0081060 19.0080450 533.7081000 0.0000000
0.1921224 0.0794319 1.0000000 300.0000000 100000.0000000 20.0558705 19.3376881 19.3376166 536.0680000 0.0000000
0.1938635 0.0794319 1.0000000 300.0000000 100000.0000000 20.3889060 19.6676438 19.6675723 538.4092000 0.0000000
0.1955942 0.0794319 1.0000000 300.0000000 100000.0000000 20.7226157 19.9980140 19.9979501 540.7317000 0.0000000
0.1973152 0.0794319 1.0000000 300.0000000 100000.0000000 21.0570182 20.3288367 20.3287740 543.0360000 0.0000000
0.1990268 0.0794319 1.0000000 300.0000000 100000.0000000 21.3921246 20.6601471 20.6600770 545.3227000 0.0000000
0.2007296 0.0794319 1.0000000 300.0000000 100000.0000000 21.7279398 20.9919787 20.9919015 547.5930000 0.0000000
0.2024240 0.0794319 1.0000000 300.0000000 100000.0000000 22.0644477 21.3243763 21.3243025 549.8481000 0.0000000
0.2041106 0.0794319 1.0000000 300.0000000 100000.0000000 22.4016517 21.6573854 21.6573171 552.0896000 0.0000000
0.2057897 0.0794319 1.0000000 300.0000000 100000.0000000 22.7395371 21.9910717 21.9909843 554.3191000 0.0000000
0.2074618 0.0794319 1.0000000 300.0000000 100000.0000000 23.0780926 22.3254705 22.3253723 556.5382000 0.0000000
0.2091272 0.0794319 1.0000000 300.0000000 100000.0000000 23.4173298 22.6606237 22.6605160 558.7486000 0.0000000
0.2107862 0.0794319 1.0000000 300.0000000 100000.0000000 23.7572711 22.9965602 22.9964420 560.9520000 0.0000000
0.2124391 0.0794319 1.0000000 300.0000000 100000.0000000 24.0979148 23.3333044 23.3331886 563.1498000 0.0000000
0.2140862 0.0794319 1.0000000 300.0000000 100000.0000000 24.4392723 23.6708805 23.6707591 565.3432000 0.0000000
0.2157276 0.0794319 1.0000000 300.0000000 100000.0000000 24.7813540 24.0092871 24.0091576 567.5335000 0.0000000
0.2173636 0.0794319 1.0000000 300.0000000 100000.0000000 25.1241334 24.3485317 24.3483906 569.7217000 0.0000000
0.2189942 0.0794319 1.0000000 300.0000000 100000.0000000 25.4675974 24.6885986 24.6884505 571.9088000 0.0000001
0.2206194 0.0794319 1.0000000 300.0000000 100000.0000000 25.8117332 25.0294589 25.0293227 574.0955000 0.0000000
0.2222395 0.0794319 1.0000000 300.0000000 100000.0000000 26.1565233 25.3710907 25.3709731 576.2826000 0.0000000
0.2238543 0.0794319 1.0000000 300.0000000 100000.0000000 26.5019467 25.7134621 25.7133678 578.4707000 0.0000000
0.2254639 0.0794319 1.0000000 300.0000000 100000.0000000 26.8479674 26.0565543 26.0564681 580.6603000 0.0000000
0.2270683 0.0794319 1.0000000 300.0000000 100000.0000000 27.1945484 26.4003330 26.4002507 582.8518000 0.0000000
0.2286674 0.0794319 1.0000000 300.0000000 100000.0000000 27.5416580 26.7447689 26.7446828 585.0457000 0.0000000
0.2302613 0.0794319 1.0000000 300.0000000 100000.0000000 27.8892792 27.0898238 27.0897327 587.2421000 0.0000000
0.2318500 0.0794319 1.0000000 300.0000000 100000.0000000 28.2373782 27.4354746 27.4353782 589.4412000 0.0000000
0.2334333 0.0794319 1.0000000 300.0000000 100000.0000000 28.5859348 27.7816959 27.7815965 591.6433000 0.0000000
0.2350112 0.0794319 1.0000000 300.0000000 100000.0000000 28.9349321 28.1284727 28.1283630 593.8482000 0.0000000
0.2365837 0.0794319 1.0000000 300.0000000 100000.0000000 29.2843427 28.4757977 28.4756691 596.0560000 0.0000000
0.2381507 0.0794319 1.0000000 300.0000000 100000.0000000 29.6341698 28.8236499 28.8235018 598.2664000 0.0000000
0.2397123 0.0794319 1.0000000 300.0000000 100000.0000000 29.9844101 29.1720145 29.1718598 600.4792000 0.0000000
0.2412683 0.0794319 1.0000000 300.0000000 100000.0000000 30.3350666 29.5208920 29.5207306 602.6941000 0.0000000
0.2428188 0.0794319 1.0000000 300.0000000 100000.0000000 30.6861714 29.8702686 29.8700959 604.9106000 0.0000000
0.2443637 0.0794319 1.0000000 300.0000000 100000.0000000 31.0377317 30.2201445 30.2199556 607.1282000 0.0000000
0.2459031 0.0794319 1.0000000 300.0000000 100000.0000000 31.3897377 30.5705296 30.5703241 609.3463000 0.0000000
0.2474369 0.0794319 1.0000000 300.0000000 100000.0000000 31.7422270 30.9214130 30.9211927 611.5644000 0.0000000
0.2489652 0.0794319 1.0000000 300.0000000 100000.0000000 32.0952053 31.2728014 31.2725688 613.7819000 0.0000000
0.2504881 0.0794319 1.0000000 300.0000000 100000.0000000 32.4486742 31.6247069 31.6244584 615.9982000 0.0000000
0.2520055 0.0794319 1.0000000 300.0000000 100000.0000000 32.8026629 31.9771188 31.9768631 618.2127000 0.0000000
0.2535175 0.0794319 1.0000000 300.0000000 100000.0000000 33.1571869 32.3300392 32.3297835 620.4248000 0.0000000
0.2550241 0.0794319 1.0000000 300.0000000 100000.0000000 33.5122527 32.6834738 32.6832252 622.6341000 0.0000000
0.2565256 0.0794319 1.0000000 300.0000000 100000.0000000 33.8678745 33.0374238 33.0371890 624.8402000 0.0000000
0.2580218 0.0794319 1.0000000 300.0000000 100000.0000000 34.2240592 33.3919073 33.3916662 627.0427000 0.0000000
0.2595130 0.0794319 1.0000000 300.0000000 100000.0000000 34.5808168 33.7469161 33.7466718 629.2413000 0.0000000
0.2609992 0.0794319 1.0000000 300.0000000 100000.0000000 34.9381448 34.1024590 34.1022167 631.4359000 0.0000000
0.2624805 0.0794319 1.0000000 300.0000000 100000.0000000 35.2960424 34.4585474 34.4583117 633.6264000 -0.0000001
0.2639571 0.0794319 1.0000000 300.0000000 100000.0000000 35.6545105 34.8152006 34.8149596 635.8129000 0.0000000
0.2654290 0.0794319 1.0000000 300.0000000 100000.0000000 36.0135575 35.1724174 35.1721751 637.9955000 0.0000000
0.2668963 0.0794319 1.0000000 300.0000000 100000.0000000 36.3731825 35.5302068 35.5299661 640.1742000 0.0000000
0.2683592 0.0794319 1.0000000 300.0000000 100000.0000000 36.7333868 35.8885765 35.8883335 642.3495000 0.0000000
0.2698178 0.0794319 1.0000000 300.0000000 100000.0000000 37.0941708 36.2475233 36.2472867 644.5215000 0.0000000
0.2712721 0.0794319 1.0000000 300.0000000 100000.0000000 37.4555286 36.6070559 36.6068283 646.6907000 0.0000000
0.2727223 0.0794319 1.0000000 300.0000000 100000.0000000 37.8174449 36.9671826 36.9669682 648.8574000 0.0000000
0.2741685 0.0794319 1.0000000 300.0000000 100000.0000000 38.1799185 37.3279013 37.3277056 651.0222000 0.0000000
0.2756106 0.0794319 1.0000000 300.0000000 100000.0000000 38.5429626 37.6891980 37.6890292 653.1854000 0.0000000
0.2770489 0.0794319 1.0000000 300.0000000 100000.0000000 38.9065598 38.0510751 38.0509339 655.3475000 0.0000000
0.2784833 0.0794319 1.0000000 300.0000000 100000.0000000 39.2706810 38.4135310 38.4134213 657.5092000 0.0000000
0.2799140 0.0794319 1.0000000 300.0000000 100000.0000000 39.6353145 38.7765608 38.7764718 659.6709000 0.0000000
0.2813409 0.0794319 1.0000000 300.0000000 100000.0000000 40.0004429 39.1401479 39.1400752 661.8330000 0.0000000
0.2827641 0.0794319 1.0000000 300.0000000 100000.0000000 40.3660338 39.5042827 39.5042232 663.9961000 0.0000000
0.2841837 0.0794319 1.0000000 300.0000000 100000.0000000 40.7320658 39.8689452 39.8689016 666.1606000 0.0000000
0.2855995 0.0794319 1.0000000 300.0000000 100000.0000000 41.0985094 40.2341149 40.2341017 668.3270000 0.0000000
0.2870117 0.0794319 1.0000000 300.0000000 100000.0000000 41.4653455 40.5997771 40.5997942 670.4957000 0.0000000
0.2884202 0.0794319 1.0000000 300.0000000 100000.0000000 41.8325454 40.9659114 40.9659647 672.6671000 0.0000000
0.2898251 0.0794319 1.0000000 300.0000000 100000.0000000 42.2000787 41.3325067 41.3325912 674.8416000 0.0000000
0.2912263 0.0794319 1.0000000 300.0000000 100000.0000000 42.5679261 41.6995432 41.6996503 677.0194000 0.0000000
0.2926238 0.0794319 1.0000000 300.0000000 100000.0000000 42.9360677 42.0670006 42.0671213 679.2007000 0.0000000
0.2940176 0.0794319 1.0000000 300.0000000 100000.0000000 43.3044916 42.4348521 42.4349836 681.3859000 0.0000000
0.2954077 0.0794319 1.0000000 300.0000000 100000.0000000 43.6731473 42.8030955 42.8032318 683.5750000 0.0000000
0.2967941 0.0794319 1.0000000 300.0000000 100000.0000000 44.0420019 43.1717197 43.1718549 685.7682000 0.0000000
0.2981768 0.0794319 1.0000000 300.0000000 100000.0000000 44.4110686 43.5406906 43.5408214 687.9657000 0.0000000
0.2995558 0.0794319 1.0000000 300.0000000 100000.0000000 44.7803383 43.9099786 43.9101203 690.1675000 0.0000000
0.3009311 0.0794319 1.0000000 300.0000000 100000.0000000 45.1497915 44.2795692 44.2797361 692.3738000 0.0000000
0.3023027 0.0794319 1.0000000 300.0000000 100000.0000000 45.5194108 44.6494533 44.6496475 694.5848000 0.0000000
0.3036706 0.0794319 1.0000000 300.0000000 100000.0000000 45.8891781 45.0196217 45.0198333 696.8006000 0.0000000
0.3050348 0.0794319 1.0000000 300.0000000 100000.0000000 46.2590736 45.3900564 45.3902815 699.0213000 0.0000001
0.3063955 0.0794319 1.0000000 300.0000000 100000.0000000 46.6290916 45.7607260 45.7609738 701.2473000 0.0000000
0.3077525 0.0794319 1.0000000 300.0000000 100000.0000000 46.9991830 46.1316317 46.1318973 703.4788000 0.0000000
0.3091059 0.0794319 1.0000000 300.0000000 100000.0000000 47.3693220 46.5027489 46.5030372 705.7163000 0.0000000
0.3104558 0.0794319 1.0000000 300.0000000 100000.0000000 47.7395007 46.8740511 46.8743555 707.9601000 0.0000000
0.3118022 0.0794319 1.0000000 300.0000000 100000.0000000 48.1096974 47.2455164 47.2458139 710.2108000 0.0000000
0.3131451 0.0794319 1.0000000 300.0000000 100000.0000000 48.4799040 47.6170905 47.6173813 712.4693000 0.0000000
0.3144846 0.0794319 1.0000000 300.0000000 100000.0000000 48.8500349 47.9887578 47.9890506 714.7364000 0.0000000
0.3158207 0.0794319 1.0000000 300.0000000 100000.0000000 49.2200293 48.3604921 48.3607837 717.0132000 0.0000000
0.3171534 0.0794319 1.0000000 300.0000000 100000.0000000 49.5897688 48.7322761 48.7325712 719.3008000 0.0000000
0.3184829 0.0794319 1.0000000 300.0000000 100000.0000000 49.9592252 49.1040375 49.1043421 721.6010000 0.0000000
0.3198091 0.0794319 1.0000000 300.0000000 100000.0000000 50.3282846 49.4757324 49.4760477 723.9154000 0.0000000
0.3211322 0.0794319 1.0000000 300.0000000 100000.0000000 50.6969023 49.8472692 49.8475758 726.2463000 0.0000000
0.3224521 0.0794319 1.0000000 300.0000000 100000.0000000 51.0650008 50.2185237 50.2188194 728.5964000 0.0000000
0.3237690 0.0794319 1.0000000 300.0000000 100000.0000000 51.4324487 50.5893629 50.5896451 730.9690000 0.0000000
0.3250827 0.0794319 1.0000000 300.0000000 100000.0000000 51.7988854 50.9596951 50.9599844 733.3685000 0.0000000
0.3263936 0.0794319 1.0000000 300.0000000 100000.0000000 52.1640244 51.3293192 51.3296084 735.8000000 0.0000000
0.3277014 0.0794319 1.0000000 300.0000000 100000.0000000 52.5276034 51.6978187 51.6981241 738.2701000 0.0000000
0.3290063 0.0794319 1.0000000 300.0000000 100000.0000000 52.8889636 52.0646036 52.0649249 740.7852000 0.0000000
0.3303084 0.0794319 1.0000000 300.0000000 100000.0000000 53.2465046 52.4284214 52.4287645 743.3404000 0.0000000
0.3316076 0.0794319 1.0000000 300.0000000 100000.0000000 53.6016850 52.7899384 52.7903178 745.9314000 0.0000000
0.3329040 0.0794319 1.0000000 300.0000000 100000.0000000 53.9544920 53.1506181 53.1509948 748.5807000 0.0000000
0.3341976 0.0794319 1.0000000 300.0000000 100000.0000000 54.3002928 53.5053628 53.5057547 751.2542000 0.0000000
0.3354885 0.0794319 1.0000000 300.0000000 100000.0000000 54.6479202 53.8608323 53.8611388 754.0011000 0.0000000
0.3367767 0.0794319 1.0000000 300.0000000 100000.0000000 54.9879985 54.2098573 54.2101758 756.7601000 0.0000000
0.3380621 0.0794319 1.0000000 300.0000000 100000.0000000 55.3242920 54.5553245 54.5556457 759.5026000 0.0000000
0.3393449 0.0794319 1.0000000 300.0000000 100000.0000000 55.6747476 54.9098155 54.9101852 762.3127000 0.0000000
0.3406250 0.0794319 1.0000000 300.0000000 100000.0000000 56.0230970 55.2641701 55.2644368 765.1851000 0.0000000
0.3419025 0.0794319 1.0000000 300.0000000 100000.0000000 56.3617890 55.6118282 55.6121596 768.0888000 0.0000000
0.3431773 0.0794319 1.0000000 300.0000000 100000.0000000 56.6956080 55.9559883 55.9563571 771.0408000 0.0000000
0.3444496 0.0794319 1.0000000 300.0000000 100000.0000000 57.0364377 56.3060700 56.3065549 774.1425000 0.0000000
0.3457192 0.0794319 1.0000000 300.0000000 100000.0000000 57.3610721 56.6461660 56.6467463 777.3176000 0.0000000
0.3469862 0.0794319 1.0000000 300.0000000 100000.0000000 57.6679418 56.9703135 56.9709314 780.4825000 0.0000000
0.3482507 0.0794319 1.0000000 300.0000000 100000.0000000 57.9747373 57.2918420 57.2923025 783.6483000 0.0000000
0.3495127 0.0794319 1.0000000 300.0000000 100000.0000000 58.2919381 57.6204822 57.6209734 786.8811000 -0.0000001
0.3507722 0.0794319 1.0000000 300.0000000 100000.0000000 58.5985556 57.9441937 57.9447117 790.1220000 0.0000000
0.3520292 0.0794319 1.0000000 300.0000000 100000.0000000 58.9039148 58.2669015 58.2673614 793.3920000 0.0000000
0.3532837 0.0794319 1.0000000 300.0000000 100000.0000000 59.2164720 58.5968388 58.5972831 796.7215000 0.0000000
0.3545359 0.0794319 1.0000000 300.0000000 100000.0000000 59.5250436 58.9217649 58.9222237 800.0348000 0.0000000
0.3557856 0.0794319 1.0000000 300.0000000 100000.0000000 59.8329959 59.2475494 59.2479451 803.3098000 0.0000000
0.3570330 0.0794319 1.0000000 300.0000000 100000.0000000 60.1515695 59.5816437 59.5821846 806.5869000 0.0000000
0.3582781 0.0794319 1.0000000 300.0000000 100000.0000000 60.4809992 59.9246467 59.9251535 809.8789000 0.0000000
0.3595208 0.0794319 1.0000000 300.0000000 100000.0000000 60.8024793 60.2594579 60.2599083 813.0906000 0.0000000
0.3607613 0.0794319 1.0000000 300.0000000 100000.0000000 61.1403403 60.6057252 60.6061782 816.3698000 0.0000000
0.3619996 0.0794319 1.0000000 300.0000000 100000.0000000 61.4790131 60.9540241 60.9546114 819.6666000 0.0000000
0.3632357 0.0794319 1.0000000 300.0000000 100000.0000000 61.8158804 61.3006132 61.3013192 822.9358000 -0.0000001
0.3644697 0.0794319 1.0000000 300.0000000 100000.0000000 62.1470625 61.6415600 61.6417512 826.1440000 0.0000000
0.3657016 0.0794319 1.0000000 300.0000000 100000.0000000 62.4988257 61.9978279 61.9983690 829.4480000 0.0000000
0.3669315 0.0794319 1.0000000 300.0000000 100000.0000000 62.8422851 62.3496113 62.3504464 832.7619000 0.0000000