0.0000271 0.2962963 1.2410000 300.0000000 100000.0000000 0.0000000 0.0000000 0.0000000 300.0000000 0.2800902
0.0027034 0.2962963 1.2410000 300.0000000 100000.0000000 0.3904352 0.2371434 0.2371434 301.9081000 0.2799785
0.0053872 0.2962963 1.2410000 300.0000000 100000.0000000 0.7624977 0.4515547 0.4515547 303.7647000 0.2796764
0.0080519 0.2962963 1.2410000 300.0000000 100000.0000000 1.1025853 0.6411782 0.6411783 305.5493000 0.2791870
0.0106967 0.2962963 1.2410000 300.0000000 100000.0000000 1.3502275 0.8339401 0.8339397 307.2473000 0.2785035
0.0133216 0.2962963 1.2410000 300.0000000 100000.0000000 1.5205451 1.0144871 1.0144864 308.8019000 0.2775970
0.0159273 0.2962963 1.2410000 300.0000000 100000.0000000 1.6526580 1.1641467 1.1641463 310.2236000 0.2764746
0.0185145 0.2962963 1.2410000 300.0000000 100000.0000000 1.7508389 1.2871304 1.2871291 311.5451000 0.2751683
0.0210846 0.2962963 1.2410000 300.0000000 100000.0000000 1.8201489 1.3872890 1.3872884 312.7953000 0.2737047
0.0236395 0.2962963 1.2410000 300.0000000 100000.0000000 1.8648407 1.4667135 1.4667118 313.9952000 0.2720997
0.0261812 0.2962963 1.2410000 300.0000000 100000.0000000 1.8877003 1.5259917 1.5259893 315.1564000 0.2703543
0.0287124 0.2962963 1.2410000 300.0000000 100000.0000000 1.8911763 1.5649909 1.5649886 316.2859000 0.2684638
0.0312363 0.2962963 1.2410000 300.0000000 100000.0000000 1.8808564 1.5830164 1.5830107 317.3900000 0.2664337
0.0337564 0.2962963 1.2410000 300.0000000 100000.0000000 1.8574093 1.5831942 1.5831889 318.4772000 0.2642707
0.0362764 0.2962963 1.2410000 300.0000000 100000.0000000 1.8249307 1.5677472 1.5677413 319.5580000 0.2619885
0.0388000 0.2962963 1.2410000 300.0000000 100000.0000000 1.7844357 1.5403079 1.5403006 320.6411000 0.2595989
0.0413267 0.2962963 1.2410000 300.0000000 100000.0000000 1.7370798 1.5044320 1.5044232 321.7329000 0.2571202
0.0438558 0.2962963 1.2410000 300.0000000 100000.0000000 1.6858070 1.4627143 1.4627058 322.8393000 0.2545697
0.0463823 0.2962963 1.2410000 300.0000000 100000.0000000 1.6332718 1.4173550 1.4173448 323.9608000 0.2519639
0.0489066 0.2962963 1.2410000 300.0000000 100000.0000000 1.5805597 1.3700953 1.3700844 325.0965000 0.2493135
0.0514290 0.2962963 1.2410000 300.0000000 100000.0000000 1.5282349 1.3218597 1.3218500 326.2417000 0.2466228
0.0539492 0.2962963 1.2410000 300.0000000 100000.0000000 1.4764353 1.2731055 1.2730962 327.3902000 0.2438934
0.0564657 0.2962963 1.2410000 300.0000000 100000.0000000 1.4253540 1.2241750 1.2241643 328.5352000 0.2411262
0.0589786 0.2962963 1.2410000 300.0000000 100000.0000000 1.3753346 1.1757183 1.1757068 329.6727000 0.2380507
0.0614883 0.2962963 1.2410000 300.0000000 100000.0000000 1.3273734 1.1287204 1.1287111 330.8022000 0.2343070
0.0639950 0.2962963 1.2410000 300.0000000 100000.0000000 1.2827738 1.0845091 1.0845020 331.9259000 0.2297366
0.0664995 0.2962963 1.2410000 300.0000000 100000.0000000 1.2428239 1.0444845 1.0444791 333.0480000 0.2259793
0.0690030 0.2962963 1.2410000 300.0000000 100000.0000000 1.2086734 1.0098045 1.0098010 334.1730000 0.2227240
0.0715068 0.2962963 1.2410000 300.0000000 100000.0000000 1.1810097 0.9813427 0.9813421 335.3048000 0.2163061
0.0740120 0.2962963 1.2410000 300.0000000 100000.0000000 1.1600156 0.9596315 0.9596316 336.4465000 0.2076339
0.0765197 0.2962963 1.2410000 300.0000000 100000.0000000 1.1457781 0.9447773 0.9447803 337.5997000 0.2050305
0.0790311 0.2962963 1.2410000 300.0000000 100000.0000000 1.1383486 0.9366592 0.9366655 338.7663000 0.2024424
0.0815477 0.2962963 1.2410000 300.0000000 100000.0000000 1.1377207 0.9351959 0.9352002 339.9494000 0.1998723
0.0840712 0.2962963 1.2410000 300.0000000 100000.0000000 1.1439050 0.9404704 0.9404728 341.1547000 0.1973163
0.0866029 0.2962963 1.2410000 300.0000000 100000.0000000 1.1571860 0.9526609 0.9526753 342.3906000 0.1947747
0.0891399 0.2962963 1.2410000 300.0000000 100000.0000000 1.1778418 0.9719817 0.9720062 343.6631000 0.1922451
0.0916730 0.2962963 1.2410000 300.0000000 100000.0000000 1.2060611 0.9982447 0.9982815 344.9706000 0.1897343
0.0942007 0.2962963 1.2410000 300.0000000 100000.0000000 1.2411573 1.0311989 1.0312449 346.3094000 0.1872335
0.0967231 0.2962963 1.2410000 300.0000000 100000.0000000 1.2821824 1.0702856 1.0703376 347.6736000 0.1847413
0.0992403 0.2962963 1.2410000 300.0000000 100000.0000000 1.3283089 1.1144382 1.1144899 349.0548000 0.1822531
0.1017525 0.2962963 1.2410000 300.0000000 100000.0000000 1.3783081 1.1624628 1.1625116 350.4440000 0.1797658
0.1042598 0.2962963 1.2410000 300.0000000 100000.0000000 1.4307574 1.2130725 1.2131266 351.8317000 0.1772737
0.1067624 0.2962963 1.2410000 300.0000000 100000.0000000 1.4847558 1.2645045 1.2645583 353.2102000 0.1747697
0.1092604 0.2962963 1.2410000 300.0000000 100000.0000000 1.5383008 1.3154055 1.3154697 354.5716000 0.1722525
0.1117536 0.2962963 1.2410000 300.0000000 100000.0000000 1.5895807 1.3642769 1.3643362 355.9097000 0.1661557
0.1142418 0.2962963 1.2410000 300.0000000 100000.0000000 1.6367339 1.4093539 1.4094234 357.2179000 0.1625388
0.1167247 0.2962963 1.2410000 300.0000000 100000.0000000 1.6781676 1.4491177 1.4492012 358.4932000 0.1597225
0.1192019 0.2962963 1.2410000 300.0000000 100000.0000000 1.7131700 1.4829864 1.4830837 359.7429000 0.1560219
0.1216730 0.2962963 1.2410000 300.0000000 100000.0000000 1.7424482 1.5117292 1.5118457 360.9818000 0.1527893
0.1241374 0.2962963 1.2410000 300.0000000 100000.0000000 1.7675293 1.5375061 1.5376292 362.2257000 0.1470352
0.1265948 0.2962963 1.2410000 300.0000000 100000.0000000 1.7911550 1.5626514 1.5627648 363.4868000 0.1437946
0.1290447 0.2962963 1.2410000 300.0000000 100000.0000000 1.8161083 1.5891942 1.5893043 364.7726000 0.1411234
0.1314869 0.2962963 1.2410000 300.0000000 100000.0000000 1.8441360 1.6188381 1.6189459 366.0920000 0.1386648
0.1339212 0.2962963 1.2410000 300.0000000 100000.0000000 1.8757105 1.6525235 1.6526211 367.4476000 0.1362576
0.1363473 0.2962963 1.2410000 300.0000000 100000.0000000 1.9112217 1.6902129 1.6903090 368.8371000 0.1338560
0.1387652 0.2962963 1.2410000 300.0000000 100000.0000000 1.9505050 1.7318646 1.7319459 370.2587000 0.1256392
0.1411748 0.2962963 1.2410000 300.0000000 100000.0000000 1.9936516 1.7773885 1.7774876 371.7147000 0.1206959
0.1435761 0.2962963 1.2410000 300.0000000 100000.0000000 2.0406119 1.8265410 1.8266248 373.2086000 0.1184639
0.1459690 0.2962963 1.2410000 300.0000000 100000.0000000 2.0906928 1.8786833 1.8787504 374.7369000 0.1162002
0.1483537 0.2962963 1.2410000 300.0000000 100000.0000000 2.1430391 1.9329057 1.9329674 376.2913000 0.1139301
0.1507301 0.2962963 1.2410000 300.0000000 100000.0000000 2.1969191 1.9882458 1.9883006 377.8634000 0.1100448
0.1530984 0.2962963 1.2410000 300.0000000 100000.0000000 2.2517306 2.0439279 2.0439793 379.4460000 0.1051286
0.1554587 0.2962963 1.2410000 300.0000000 100000.0000000 2.3069128 2.0996788 2.0997188 381.0343000 0.1015014
0.1578110 0.2962963 1.2410000 300.0000000 100000.0000000 2.3624255 2.1554951 2.1555078 382.6260000 0.0992009
0.1601553 0.2962963 1.2410000 300.0000000 100000.0000000 2.4184069 2.2119487 2.2119501 384.2216000 0.0969678
0.1624917 0.2962963 1.2410000 300.0000000 100000.0000000 2.4762896 2.2699315 2.2699163 385.8357000 0.0944786
0.1648203 0.2962963 1.2410000 300.0000000 100000.0000000 2.5377738 2.3312959 2.3312778 387.4902000 0.0917201
0.1671412 0.2962963 1.2410000 300.0000000 100000.0000000 2.6041060 2.3973360 2.3972982 389.1915000 0.0893324
0.1694546 0.2962963 1.2410000 300.0000000 100000.0000000 2.6754436 2.4680490 2.4679932 390.9397000 0.0869587
0.1717608 0.2962963 1.2410000 300.0000000 100000.0000000 2.7507352 2.5429556 2.5428854 392.7224000 0.0848026
0.1740598 0.2962963 1.2410000 300.0000000 100000.0000000 2.8288038 2.6204202 2.6203208 394.5168000 0.0826479
0.1763520 0.2962963 1.2410000 300.0000000 100000.0000000 2.9070976 2.6984621 2.6983576 396.3053000 0.0804865
0.1786375 0.2962963 1.2410000 300.0000000 100000.0000000 2.9842019 2.7752622 2.7751665 398.0800000 0.0777947
0.1809165 0.2962963 1.2410000 300.0000000 100000.0000000 3.0589641 2.8496735 2.8496116 399.8374000 0.0747182
0.1831892 0.2962963 1.2410000 300.0000000 100000.0000000 3.1307297 2.9207562 2.9207197 401.5755000 0.0718063
0.1854557 0.2962963 1.2410000 300.0000000 100000.0000000 3.1989367 2.9878240 2.9877785 403.2952000 0.0697051
0.1877162 0.2962963 1.2410000 300.0000000 100000.0000000 3.2626522 3.0502943 3.0502376 404.9987000 0.0675487
0.1899707 0.2962963 1.2410000 300.0000000 100000.0000000 3.3210473 3.1071904 3.1071042 406.6860000 0.0648923
0.1922194 0.2962963 1.2410000 300.0000000 100000.0000000 3.3730200 3.1577546 3.1576401 408.3540000 0.0623481
0.1944624 0.2962963 1.2410000 300.0000000 100000.0000000 3.4183646 3.2018876 3.2017130 410.0015000 0.0560808
0.1966997 0.2962963 1.2410000 300.0000000 100000.0000000 3.4583151 3.2408050 3.2405952 411.6434000 0.0535477
0.1989315 0.2962963 1.2410000 300.0000000 100000.0000000 3.4964275 3.2783332 3.2781067 413.3451000 0.0510125
0.2011578 0.2962963 1.2410000 300.0000000 100000.0000000 3.5372571 3.3193409 3.3191138 415.1601000 0.0479134
0.2033787 0.2962963 1.2410000 300.0000000 100000.0000000 3.5840657 3.3668489 3.3667021 417.1035000 0.0458645
0.2055943 0.2962963 1.2410000 300.0000000 100000.0000000 3.6386724 3.4223652 3.4222003 419.1699000 0.0386724
0.2078046 0.2962963 1.2410000 300.0000000 100000.0000000 3.7011275 3.4854441 3.4854312 421.3221000 0.0356221
0.2100098 0.2962963 1.2410000 300.0000000 100000.0000000 3.7688099 3.5539088 3.5539982 423.5182000 0.0335199
0.2122098 0.2962963 1.2410000 300.0000000 100000.0000000 3.8388972 3.6252068 3.6253713 425.7367000 0.0308355
0.2144018 0.2962963 1.2410000 300.0000000 100000.0000000 3.9093114 3.6973043 3.6974940 427.9652000 0.0293784
0.2165852 0.2962963 1.2410000 300.0000000 100000.0000000 3.9795635 3.7690717 3.7692618 430.1979000 0.0276018
0.2187605 0.2962963 1.2410000 300.0000000 100000.0000000 4.0497391 3.8407344 3.8409489 432.4338000 0.0261194
0.2209278 0.2962963 1.2410000 300.0000000 100000.0000000 4.1207371 3.9130639 3.9133247 434.6777000 0.0247403
0.2230878 0.2962963 1.2410000 300.0000000 100000.0000000 4.1934951 3.9871618 3.9874603 436.9458000 0.0233970
0.2252406 0.2962963 1.2410000 300.0000000 100000.0000000 4.2689832 4.0640401 4.0643953 439.2619000 0.0220999
0.2273869 0.2962963 1.2410000 300.0000000 100000.0000000 4.3479793 4.1444723 4.1449096 441.6486000 0.0208406
0.2295267 0.2962963 1.2410000 300.0000000 100000.0000000 4.4300429 4.2280937 4.2284869 444.0798000 0.0194599
0.2316606 0.2962963 1.2410000 300.0000000 100000.0000000 4.5139409 4.3135599 4.3139712 446.5186000 0.0169358
0.2337887 0.2962963 1.2410000 300.0000000 100000.0000000 4.5992728 4.4000443 4.4004913 448.9606000 0.0154656
0.2359110 0.2962963 1.2410000 300.0000000 100000.0000000 4.6861449 4.4876984 4.4881930 451.4307000 0.0144792
0.2380277 0.2962963 1.2410000 300.0000000 100000.0000000 4.7741474 4.5761235 4.5766697 453.9260000 0.0119873
0.2401384 0.2962963 1.2410000 300.0000000 100000.0000000 4.8638448 4.6658437 4.6664456 456.5099000 0.0108770
0.2422430 0.2962963 1.2410000 300.0000000 100000.0000000 4.9581599 4.7597351 4.7603396 459.2845000 0.0068444
0.2443411 0.2962963 1.2410000 300.0000000 100000.0000000 5.0588290 4.8597258 4.8603285 462.2246000 0.0062268
0.2464323 0.2962963 1.2410000 300.0000000 100000.0000000 5.1643316 4.9649271 4.9655026 465.2131000 0.0051834
0.2485162 0.2962963 1.2410000 300.0000000 100000.0000000 5.2737822 5.0737762 5.0743089 468.1961000 0.0042856
0.2505926 0.2962963 1.2410000 300.0000000 100000.0000000 5.3870206 5.1861813 5.1867021 471.1806000 0.0038022
0.2526611 0.2962963 1.2410000 300.0000000 100000.0000000 5.5049271 5.3032287 5.3037002 474.2177000 0.0033503
0.2547215 0.2962963 1.2410000 300.0000000 100000.0000000 5.6286300 5.4256919 5.4261618 477.3150000 0.0029341
0.2567738 0.2962963 1.2410000 300.0000000 100000.0000000 5.7583817 5.5539757 5.5543685 480.4363000 0.0025559
0.2588178 0.2962963 1.2410000 300.0000000 100000.0000000 5.8941382 5.6880054 5.6882627 483.5432000 0.0017945
0.2608537 0.2962963 1.2410000 300.0000000 100000.0000000 6.0360548 5.8278181 5.8279777 486.6413000 0.0011343
0.2628815 0.2962963 1.2410000 300.0000000 100000.0000000 6.1876498 5.9768289 5.9768373 490.0358000 0.0000000
0.2649016 0.2962963 1.2410000 300.0000000 100000.0000000 6.3513963 6.1375310 6.1374168 493.6625000 0.0000001
0.2669142 0.2962963 1.2410000 300.0000000 100000.0000000 6.5239108 6.3064201 6.3062805 497.0929000 0.0000000
0.2689197 0.2962963 1.2410000 300.0000000 100000.0000000 6.7029481 6.4811265 6.4809821 500.3124000 0.0000000
0.2709184 0.2962963 1.2410000 300.0000000 100000.0000000 6.8873910 6.6602165 6.6601297 503.3762000 0.0000000
0.2729107 0.2962963 1.2410000 300.0000000 100000.0000000 7.0766759 6.8429662 6.8429092 506.3206000 0.0000000
0.2748968 0.2962963 1.2410000 300.0000000 100000.0000000 7.2707747 7.0288991 7.0289514 509.1679000 0.0000000
0.2768770 0.2962963 1.2410000 300.0000000 100000.0000000 7.4695670 7.2179367 7.2179859 511.9338000 0.0000000
0.2788514 0.2962963 1.2410000 300.0000000 100000.0000000 7.6730989 7.4099651 7.4099888 514.6302000 0.0000000
0.2808203 0.2962963 1.2410000 300.0000000 100000.0000000 7.8812323 7.6049722 7.6050288 517.2694000 0.0000000
0.2827838 0.2962963 1.2410000 300.0000000 100000.0000000 8.0937067 7.8029990 7.8031068 519.8625000 0.0000000
0.2847419 0.2962963 1.2410000 300.0000000 100000.0000000 8.3098243 8.0042344 8.0044067 522.4194000 0.0000000
0.2866950 0.2962963 1.2410000 300.0000000 100000.0000000 8.5290543 8.2087653 8.2089679 524.9487000 0.0000000
0.2886430 0.2962963 1.2410000 300.0000000 100000.0000000 8.7510426 8.4166112 8.4168307 527.4615000 0.0000001
0.2905860 0.2962963 1.2410000 300.0000000 100000.0000000 8.9754314 8.6278677 8.6280819 529.9690000 0.0000000
0.2925242 0.2962963 1.2410000 300.0000000 100000.0000000 9.2019079 8.8425148 8.8427978 532.4758000 0.0000000
0.2944577 0.2962963 1.2410000 300.0000000 100000.0000000 9.4304447 9.0604060 9.0607941 534.9828000 0.0000000
0.2963865 0.2962963 1.2410000 300.0000000 100000.0000000 9.6613442 9.2812472 9.2816454 537.4915000 0.0000000
0.2983109 0.2962963 1.2410000 300.0000000 100000.0000000 9.8945196 9.5048325 9.5052177 540.0035000 0.0000000
0.3002309 0.2962963 1.2410000 300.0000000 100000.0000000 10.1297717 9.7311198 9.7314763 542.5204000 0.0000000
0.3021468 0.2962963 1.2410000 300.0000000 100000.0000000 10.3669941 9.9600835 9.9604804 545.0437000 0.0000000
0.3040589 0.2962963 1.2410000 300.0000000 100000.0000000 10.6063272 10.1917331 10.1921408 547.5749000 -0.0000001
0.3059614 0.2962963 1.2410000 300.0000000 100000.0000000 10.8471799 10.4253800 10.4257796 550.1082000 0.0000000
0.3078498 0.2962963 1.2410000 300.0000000 100000.0000000 11.0889194 10.6604537 10.6609022 552.6387000 0.0000000
0.3097239 0.2962963 1.2410000 300.0000000 100000.0000000 11.3315198 10.8969112 10.8974104 555.1673000 0.0000000
0.3115834 0.2962963 1.2410000 300.0000000 100000.0000000 11.5749328 11.1346880 11.1352406 557.6944000 0.0000000
0.3134282 0.2962963 1.2410000 300.0000000 100000.0000000 11.8191882 11.3736674 11.3742874 560.2197000 0.0000000
0.3152581 0.2962963 1.2410000 300.0000000 100000.0000000 12.0641456 11.6138532 11.6144795 562.7431000 0.0000001
0.3170729 0.2962963 1.2410000 300.0000000 100000.0000000 12.3097826 11.8551362 11.8557251 565.2635000 0.0000000
0.3188724 0.2962963 1.2410000 300.0000000 100000.0000000 12.5561005 12.0973828 12.0979049 567.7803000 0.0000000
0.3206563 0.2962963 1.2410000 300.0000000 100000.0000000 12.8030250 12.3404546 12.3409374 570.2924000 0.0000000
0.3224245 0.2962963 1.2410000 300.0000000 100000.0000000 13.0504545 12.5842571 12.5846758 572.7989000 0.0000000
0.3241767 0.2962963 1.2410000 300.0000000 100000.0000000 13.2983358 12.8286072 12.8289567 575.2987000 0.0000000
0.3259127 0.2962963 1.2410000 300.0000000 100000.0000000 13.5465118 13.0733132 13.0736578 577.7909000 0.0000000
0.3276322 0.2962963 1.2410000 300.0000000 100000.0000000 13.7948024 13.3182442 13.3186296 580.2751000 0.0000000
0.3293348 0.2962963 1.2410000 300.0000000 100000.0000000 14.0428424 13.5631451 13.5635520 582.7490000 0.0000000
0.3310205 0.2962963 1.2410000 300.0000000 100000.0000000 14.2905751 13.8077706 13.8081621 585.2124000 0.0000000
0.3326895 0.2962963 1.2410000 300.0000000 100000.0000000 14.5373846 14.0517204 14.0520952 587.6593000 -0.0000001