0.0000271 0.1551404 1.0000000 300.0000000 100000.0000000 0.0000000 0.0000000 0.0000000 300.0000000 0.1625135
0.0027033 0.1551404 1.0000000 300.0000000 100000.0000000 0.4064365 0.2491875 0.2491875 301.9940000 0.1624316
0.0053871 0.1551404 1.0000000 300.0000000 100000.0000000 0.8073032 0.4880580 0.4880580 304.0079000 0.1622090
0.0080515 0.1551404 1.0000000 300.0000000 100000.0000000 1.1903385 0.7118818 0.7118807 306.0067000 0.1618481
0.0106961 0.1551404 1.0000000 300.0000000 100000.0000000 1.5040370 0.9451259 0.9451207 307.9818000 0.1613549
0.0133206 0.1551404 1.0000000 300.0000000 100000.0000000 1.7352259 1.1911521 1.1911465 309.8771000 0.1607238
0.0159252 0.1551404 1.0000000 300.0000000 100000.0000000 1.9500755 1.4156045 1.4155986 311.6892000 0.1599499
0.0185100 0.1551404 1.0000000 300.0000000 100000.0000000 2.1407311 1.6218432 1.6218364 313.4302000 0.1590296
0.0210756 0.1551404 1.0000000 300.0000000 100000.0000000 2.3084245 1.8091558 1.8091474 315.1099000 0.1579633
0.0236227 0.1551404 1.0000000 300.0000000 100000.0000000 2.4555005 1.9766962 1.9766848 316.7388000 0.1567512
0.0261522 0.1551404 1.0000000 300.0000000 100000.0000000 2.5825587 2.1245340 2.1245209 318.3255000 0.1553012
0.0286654 0.1551404 1.0000000 300.0000000 100000.0000000 2.6904672 2.2527189 2.2527021 319.8776000 0.1538077
0.0311640 0.1551404 1.0000000 300.0000000 100000.0000000 2.7793478 2.3620647 2.3620429 321.4028000 0.1520323
0.0336502 0.1551404 1.0000000 300.0000000 100000.0000000 2.8504291 2.4534136 2.4533877 322.9102000 0.1500743
0.0361262 0.1551404 1.0000000 300.0000000 100000.0000000 2.9051004 2.5278525 2.5278229 324.4093000 0.1479826
0.0385950 0.1551404 1.0000000 300.0000000 100000.0000000 2.9447733 2.5865191 2.5864868 325.9093000 0.1456791
0.0410595 0.1551404 1.0000000 300.0000000 100000.0000000 2.9708223 2.6304445 2.6304065 327.4189000 0.1432907
0.0435231 0.1551404 1.0000000 300.0000000 100000.0000000 2.9842632 2.6607070 2.6606647 328.9453000 0.1406906
0.0459888 0.1551404 1.0000000 300.0000000 100000.0000000 2.9862349 2.6783248 2.6782831 330.4950000 0.1383442
0.0484598 0.1551404 1.0000000 300.0000000 100000.0000000 2.9779012 2.6843628 2.6843236 332.0728000 0.1357795
0.0509374 0.1551404 1.0000000 300.0000000 100000.0000000 2.9604390 2.6799747 2.6799328 333.6817000 0.1330177
0.0534199 0.1551404 1.0000000 300.0000000 100000.0000000 2.9351565 2.6663622 2.6663199 335.3212000 0.1303480
0.0559065 0.1551404 1.0000000 300.0000000 100000.0000000 2.9033153 2.6448738 2.6448274 336.9911000 0.1275838
0.0583883 0.1551404 1.0000000 300.0000000 100000.0000000 2.8664230 2.6169991 2.6169499 338.6848000 0.1247429
0.0608614 0.1551404 1.0000000 300.0000000 100000.0000000 2.8256559 2.5842476 2.5842051 340.3982000 0.1218413
0.0633275 0.1551404 1.0000000 300.0000000 100000.0000000 2.7822840 2.5478885 2.5478437 342.1314000 0.1187827
0.0657890 0.1551404 1.0000000 300.0000000 100000.0000000 2.7372862 2.5091864 2.5091394 343.8851000 0.1157737
0.0682498 0.1551404 1.0000000 300.0000000 100000.0000000 2.6917568 2.4691336 2.4690849 345.6615000 0.1127175
0.0707162 0.1551404 1.0000000 300.0000000 100000.0000000 2.6465263 2.4287169 2.4286661 347.4647000 0.1093455
0.0731897 0.1551404 1.0000000 300.0000000 100000.0000000 2.6024232 2.3890522 2.3889980 349.2968000 0.1060622
0.0756705 0.1551404 1.0000000 300.0000000 100000.0000000 2.5606917 2.3509866 2.3509300 351.1600000 0.1028892
0.0781617 0.1551404 1.0000000 300.0000000 100000.0000000 2.5220361 2.3156144 2.3155600 353.0590000 0.0991929
0.0806497 0.1551404 1.0000000 300.0000000 100000.0000000 2.4875814 2.2840503 2.2839952 354.9855000 0.0959359
0.0831322 0.1551404 1.0000000 300.0000000 100000.0000000 2.4580761 2.2568661 2.2568119 356.9375000 0.0921244
0.0856111 0.1551404 1.0000000 300.0000000 100000.0000000 2.4338843 2.2344436 2.2343954 358.9148000 0.0884836
0.0880893 0.1551404 1.0000000 300.0000000 100000.0000000 2.4151583 2.2170354 2.2169860 360.9166000 0.0848026
0.0905648 0.1551404 1.0000000 300.0000000 100000.0000000 2.4020830 2.2049284 2.2048839 362.9383000 0.0815638
0.0930292 0.1551404 1.0000000 300.0000000 100000.0000000 2.3949895 2.1984774 2.1984479 364.9731000 0.0781051
0.0954835 0.1551404 1.0000000 300.0000000 100000.0000000 2.3943271 2.1980297 2.1980156 367.0255000 0.0750277
0.0979301 0.1551404 1.0000000 300.0000000 100000.0000000 2.4005586 2.2039925 2.2039939 369.1025000 0.0719332
0.1003712 0.1551404 1.0000000 300.0000000 100000.0000000 2.4137994 2.2167630 2.2167828 371.2103000 0.0687746
0.1028093 0.1551404 1.0000000 300.0000000 100000.0000000 2.4341389 2.2365816 2.2366094 373.3540000 0.0655697
0.1052479 0.1551404 1.0000000 300.0000000 100000.0000000 2.4618388 2.2633340 2.2633835 375.5366000 0.0627734
0.1076852 0.1551404 1.0000000 300.0000000 100000.0000000 2.4967047 2.2968922 2.2969462 377.7540000 0.0593005
0.1101166 0.1551404 1.0000000 300.0000000 100000.0000000 2.5383484 2.3369593 2.3370080 379.9985000 0.0554453
0.1125422 0.1551404 1.0000000 300.0000000 100000.0000000 2.5864969 2.3832395 2.3832685 382.2684000 0.0522119
0.1149620 0.1551404 1.0000000 300.0000000 100000.0000000 2.6409602 2.4356233 2.4356382 384.5649000 0.0495251
0.1173758 0.1551404 1.0000000 300.0000000 100000.0000000 2.7017684 2.4941367 2.4941712 386.8925000 0.0470852
0.1197836 0.1551404 1.0000000 300.0000000 100000.0000000 2.7688657 2.5588431 2.5588973 389.2550000 0.0447153
0.1221853 0.1551404 1.0000000 300.0000000 100000.0000000 2.8422582 2.6297211 2.6297753 391.6559000 0.0421073
0.1245808 0.1551404 1.0000000 300.0000000 100000.0000000 2.9218418 2.7067115 2.7067673 394.0976000 0.0395976
0.1269699 0.1551404 1.0000000 300.0000000 100000.0000000 3.0075608 2.7897608 2.7898394 396.5839000 0.0373105
0.1293525 0.1551404 1.0000000 300.0000000 100000.0000000 3.0994707 2.8789088 2.8789956 399.1183000 0.0350289
0.1317285 0.1551404 1.0000000 300.0000000 100000.0000000 3.1976326 2.9742294 2.9742950 401.7031000 0.0330011
0.1340976 0.1551404 1.0000000 300.0000000 100000.0000000 3.3019044 3.0755873 3.0756123 404.3336000 0.0304618
0.1364598 0.1551404 1.0000000 300.0000000 100000.0000000 3.4121174 3.1828605 3.1828589 407.0052000 0.0285651
0.1388150 0.1551404 1.0000000 300.0000000 100000.0000000 3.5282779 3.2960667 3.2960652 409.7168000 0.0267334
0.1411630 0.1551404 1.0000000 300.0000000 100000.0000000 3.6505719 3.4154085 3.4154124 412.4700000 0.0249718
0.1435039 0.1551404 1.0000000 300.0000000 100000.0000000 3.7792731 3.5411713 3.5411570 415.2675000 0.0226635
0.1458376 0.1551404 1.0000000 300.0000000 100000.0000000 3.9145565 3.6734071 3.6733854 418.1072000 0.0205521
0.1481641 0.1551404 1.0000000 300.0000000 100000.0000000 4.0562852 3.8119730 3.8119377 420.9806000 0.0183580
0.1504836 0.1551404 1.0000000 300.0000000 100000.0000000 4.2043638 3.9567632 3.9567315 423.8781000 0.0150783
0.1527959 0.1551404 1.0000000 300.0000000 100000.0000000 4.3578316 4.1068528 4.1068169 426.7723000 0.0129368
0.1551014 0.1551404 1.0000000 300.0000000 100000.0000000 4.5171958 4.2627192 4.2627017 429.6690000 0.0104428
0.1574000 0.1551404 1.0000000 300.0000000 100000.0000000 4.6824896 4.4243021 4.4243085 432.5715000 0.0091965
0.1596919 0.1551404 1.0000000 300.0000000 100000.0000000 4.8540629 4.5919651 4.5919806 435.4983000 0.0080385
0.1619771 0.1551404 1.0000000 300.0000000 100000.0000000 5.0321312 4.7658853 4.7659163 438.4664000 0.0069724
0.1642559 0.1551404 1.0000000 300.0000000 100000.0000000 5.2170599 4.9463124 4.9463766 441.5169000 0.0060030
0.1665284 0.1551404 1.0000000 300.0000000 100000.0000000 5.4096388 5.1340974 5.1342080 444.7269000 0.0049708
0.1687944 0.1551404 1.0000000 300.0000000 100000.0000000 5.6118551 5.3312157 5.3313611 448.2365000 0.0037017
0.1710500 0.1551404 1.0000000 300.0000000 100000.0000000 5.8240053 5.5379135 5.5380632 451.9426000 0.0029342
0.1732804 0.1551404 1.0000000 300.0000000 100000.0000000 6.0502899 5.7584773 5.7586210 456.0524000 0.0024492
0.1754854 0.1551404 1.0000000 300.0000000 100000.0000000 6.2785489 5.9807405 5.9808725 459.7542000 0.0018079
0.1776645 0.1551404 1.0000000 300.0000000 100000.0000000 6.5144143 6.2102942 6.2103961 463.3187000 0.0010316
0.1798107 0.1551404 1.0000000 300.0000000 100000.0000000 6.7588178 6.4480270 6.4481090 466.8139000 0.0008737
0.1819151 0.1551404 1.0000000 300.0000000 100000.0000000 7.0078307 6.6899726 6.6900393 470.1477000 0.0000000
0.1839875 0.1551404 1.0000000 300.0000000 100000.0000000 7.2617697 6.9361632 6.9361525 473.3074000 0.0000000
0.1860401 0.1551404 1.0000000 300.0000000 100000.0000000 7.5215562 7.1868202 7.1867252 476.3128000 0.0000000
0.1880840 0.1551404 1.0000000 300.0000000 100000.0000000 7.7879867 7.4421735 7.4419959 479.1866000 0.0000000
0.1901175 0.1551404 1.0000000 300.0000000 100000.0000000 8.0603205 7.7013738 7.7011407 481.9469000 0.0000000
0.1921340 0.1551404 1.0000000 300.0000000 100000.0000000 8.3370627 7.9631439 7.9628956 484.6013000 0.0000000
0.1941378 0.1551404 1.0000000 300.0000000 100000.0000000 8.6178502 8.2276612 8.2274815 487.1671000 0.0000000
0.1961334 0.1551404 1.0000000 300.0000000 100000.0000000 8.9027458 8.4950723 8.4950126 489.6636000 0.0000000
0.1981247 0.1551404 1.0000000 300.0000000 100000.0000000 9.1918709 8.7654258 8.7654688 492.1111000 0.0000000
0.2001147 0.1551404 1.0000000 300.0000000 100000.0000000 9.4847053 9.0388728 9.0390267 494.5275000 0.0000000
0.2021053 0.1551404 1.0000000 300.0000000 100000.0000000 9.7802464 9.3156536 9.3159249 496.9264000 0.0000000
0.2040975 0.1551404 1.0000000 300.0000000 100000.0000000 10.0780058 9.5956678 9.5960670 499.3179000 0.0000000
0.2060913 0.1551404 1.0000000 300.0000000 100000.0000000 10.3773796 9.8789100 9.8793616 501.7121000 0.0000000
0.2080861 0.1551404 1.0000000 300.0000000 100000.0000000 10.6779418 10.1652609 10.1657614 504.1194000 0.0000000
0.2100809 0.1551404 1.0000000 300.0000000 100000.0000000 10.9796176 10.4543906 10.4550159 506.5425000 0.0000000
0.2120743 0.1551404 1.0000000 300.0000000 100000.0000000 11.2824001 10.7459789 10.7467050 508.9792000 0.0000000
0.2140651 0.1551404 1.0000000 300.0000000 100000.0000000 11.5861048 11.0397502 11.0405489 511.4301000 0.0000000
0.2160520 0.1551404 1.0000000 300.0000000 100000.0000000 11.8905371 11.3355179 11.3363243 513.8974000 0.0000000
0.2180342 0.1551404 1.0000000 300.0000000 100000.0000000 12.1954653 11.6331304 11.6338850 516.3814000 0.0000000
0.2200109 0.1551404 1.0000000 300.0000000 100000.0000000 12.5008793 11.9322732 11.9330697 518.8814000 0.0000000
0.2219811 0.1551404 1.0000000 300.0000000 100000.0000000 12.8067648 12.2327693 12.2336181 521.3960000 0.0000000
0.2239440 0.1551404 1.0000000 300.0000000 100000.0000000 13.1130881 12.5344491 12.5353225 523.9239000 0.0000000
0.2258988 0.1551404 1.0000000 300.0000000 100000.0000000 13.4198601 12.8371342 12.8380223 526.4641000 0.0000000
0.2278447 0.1551404 1.0000000 300.0000000 100000.0000000 13.7270884 13.1406791 13.1416371 529.0156000 0.0000000
0.2297812 0.1551404 1.0000000 300.0000000 100000.0000000 14.0347880 13.4450520 13.4460757 531.5774000 0.0000000
0.2317080 0.1551404 1.0000000 300.0000000 100000.0000000 14.3429584 13.7502354 13.7513006 534.1486000 0.0000000
0.2336247 0.1551404 1.0000000 300.0000000 100000.0000000 14.6516160 14.0562064 14.0573040 536.7281000 0.0000000
0.2355311 0.1551404 1.0000000 300.0000000 100000.0000000 14.9608125 14.3629505 14.3640773 539.3149000 0.0000000
0.2374270 0.1551404 1.0000000 300.0000000 100000.0000000 15.2705456 14.6704856 14.6716573 541.9075000 0.0000000
0.2393125 0.1551404 1.0000000 300.0000000 100000.0000000 15.5808632 14.9788254 14.9800534 544.5044000 0.0000000
0.2411876 0.1551404 1.0000000 300.0000000 100000.0000000 15.8918131 15.2880020 15.2892873 547.1043000 0.0000000
0.2430524 0.1551404 1.0000000 300.0000000 100000.0000000 16.2034426 15.5980255 15.5994159 549.7056000 0.0000000
0.2449071 0.1551404 1.0000000 300.0000000 100000.0000000 16.5157998 15.9089249 15.9104651 552.3066000 0.0000000
0.2467520 0.1551404 1.0000000 300.0000000 100000.0000000 16.8289517 16.2207297 16.2224235 554.9057000 0.0000000
0.2485871 0.1551404 1.0000000 300.0000000 100000.0000000 17.1429715 16.5334404 16.5352876 557.5013000 0.0000000
0.2504127 0.1551404 1.0000000 300.0000000 100000.0000000 17.4579118 16.8470650 16.8490570 560.0917000 0.0000000
0.2522292 0.1551404 1.0000000 300.0000000 100000.0000000 17.7738262 17.1616082 17.1637253 562.6756000 0.0000000
0.2540367 0.1551404 1.0000000 300.0000000 100000.0000000 18.0907488 17.4770623 17.4793094 565.2517000 0.0000000
0.2558355 0.1551404 1.0000000 300.0000000 100000.0000000 18.4086979 17.7934380 17.7958167 567.8188000 0.0000000
0.2576261 0.1551404 1.0000000 300.0000000 100000.0000000 18.7277105 18.1107399 18.1132394 570.3762000 0.0000000
0.2594086 0.1551404 1.0000000 300.0000000 100000.0000000 19.0477829 18.4289965 18.4315819 572.9232000 0.0000000
0.2611833 0.1551404 1.0000000 300.0000000 100000.0000000 19.3689188 18.7482166 18.7508574 575.4594000 0.0000000
0.2629505 0.1551404 1.0000000 300.0000000 100000.0000000 19.6911368 19.0683797 19.0710910 577.9848000 0.0000000
0.2647105 0.1551404 1.0000000 300.0000000 100000.0000000 20.0144160 19.3894924 19.3922692 580.4991000 0.0000000
0.2664625 0.1551404 1.0000000 300.0000000 100000.0000000 20.3386016 19.7114453 19.7142534 583.0016000 0.0000000
0.2682069 0.1551404 1.0000000 300.0000000 100000.0000000 20.6636947 20.0342248 20.0370221 585.4927000 0.0000000
0.2699439 0.1551404 1.0000000 300.0000000 100000.0000000 20.9897140 20.3578390 20.3606229 587.9732000 0.0000000
0.2716738 0.1551404 1.0000000 300.0000000 100000.0000000 21.3166476 20.6823079 20.6850793 590.4440000 0.0000000
0.2733968 0.1551404 1.0000000 300.0000000 100000.0000000 21.6444914 21.0076620 21.0103899 592.9059000 0.0000000
0.2751133 0.1551404 1.0000000 300.0000000 100000.0000000 21.9732566 21.3339041 21.3365831 595.3601000 0.0000000
0.2768234 0.1551404 1.0000000 300.0000000 100000.0000000 22.3029340 21.6610463 21.6636851 597.8075000 0.0000000
0.2785273 0.1551404 1.0000000 300.0000000 100000.0000000 22.6335148 21.9890975 21.9917085 600.2493000 0.0000000
0.2802253 0.1551404 1.0000000 300.0000000 100000.0000000 22.9649964 22.3180599 22.3206456 602.6865000 0.0000000
0.2819174 0.1551404 1.0000000 300.0000000 100000.0000000 23.2973422 22.6479376 22.6504962 605.1200000 0.0000000
0.2836038 0.1551404 1.0000000 300.0000000 100000.0000000 23.6305294 22.9787152 22.9812390 607.5507000 0.0000000
0.2852844 0.1551404 1.0000000 300.0000000 100000.0000000 23.9645442 23.3103611 23.3128393 609.9794000 0.0000000
0.2869593 0.1551404 1.0000000 300.0000000 100000.0000000 24.2993505 23.6428505 23.6452681 612.4067000 0.0000000
0.2886284 0.1551404 1.0000000 300.0000000 100000.0000000 24.6349114 23.9761515 23.9785059 614.8333000 0.0000000
0.2902919 0.1551404 1.0000000 300.0000000 100000.0000000 24.9711883 24.3102328 24.3125351 617.2599000 0.0000000
0.2919496 0.1551404 1.0000000 300.0000000 100000.0000000 25.3081307 24.6450683 24.6473404 619.6869000 0.0000000
0.2936017 0.1551404 1.0000000 300.0000000 100000.0000000 25.6457055 24.9806450 24.9828731 622.1149000 0.0000000
0.2952480 0.1551404 1.0000000 300.0000000 100000.0000000 25.9838868 25.3169253 25.3191011 624.5443000 0.0000000
0.2968886 0.1551404 1.0000000 300.0000000 100000.0000000 26.3226479 25.6538717 25.6559965 626.9754000 0.0000000
0.2985234 0.1551404 1.0000000 300.0000000 100000.0000000 26.6619667 25.9914463 25.9935323 629.4084000 0.0000000
0.3001524 0.1551404 1.0000000 300.0000000 100000.0000000 27.0018349 26.3295947 26.3316893 631.8435000 0.0000000
0.3017756 0.1551404 1.0000000 300.0000000 100000.0000000 27.3422155 26.6683140 26.6704303 634.2807000 0.0000000
0.3033930 0.1551404 1.0000000 300.0000000 100000.0000000 27.6830773 27.0075952 27.0097241 636.7201000 0.0000000
0.3050045 0.1551404 1.0000000 300.0000000 100000.0000000 28.0243862 27.3474012 27.3495767 639.1616000 0.0000001
0.3066102 0.1551404 1.0000000 300.0000000 100000.0000000 28.3661548 27.6876948 27.6899508 641.6051000 0.0000000
0.3082100 0.1551404 1.0000000 300.0000000 100000.0000000 28.7083816 28.0284444 28.0308204 644.0506000 0.0000001
0.3098039 0.1551404 1.0000000 300.0000000 100000.0000000 29.0510327 28.3696644 28.3721452 646.4980000 0.0000000
0.3113920 0.1551404 1.0000000 300.0000000 100000.0000000 29.3940658 28.7113548 28.7139096 648.9472000 0.0000000
0.3129743 0.1551404 1.0000000 300.0000000 100000.0000000 29.7374482 29.0535093 29.0560925 651.3980000 0.0000000
0.3145508 0.1551404 1.0000000 300.0000000 100000.0000000 30.0811439 29.3961106 29.3986840 653.8503000 0.0000000
0.3161215 0.1551404 1.0000000 300.0000000 100000.0000000 30.4251174 29.7391317 29.7416799 656.3043000 0.0000000
0.3176865 0.1551404 1.0000000 300.0000000 100000.0000000 30.7693769 30.0825126 30.0850584 658.7599000 0.0000000
0.3192459 0.1551404 1.0000000 300.0000000 100000.0000000 31.1138847 30.4262504 30.4287745 661.2172000 0.0000000
0.3207997 0.1551404 1.0000000 300.0000000 100000.0000000 31.4585731 30.7703310 30.7728129 663.6766000 0.0000000
0.3223479 0.1551404 1.0000000 300.0000000 100000.0000000 31.8034938 31.1146498 31.1171093 666.1385000 0.0000000
0.3238907 0.1551404 1.0000000 300.0000000 100000.0000000 32.1485488 31.4591949 31.4616208 668.6037000 0.0000000
0.3254281 0.1551404 1.0000000 300.0000000 100000.0000000 32.4936616 31.8038958 31.8063003 671.0731000 0.0000000
0.3269603 0.1551404 1.0000000 300.0000000 100000.0000000 32.8387371 32.1486784 32.1510626 673.5480000 0.0000000
0.3284872 0.1551404 1.0000000 300.0000000 100000.0000000 33.1836279 32.4934303 32.4958117 676.0301000 -0.0000001
0.3300091 0.1551404 1.0000000 300.0000000 100000.0000000 33.5281178 32.8379946 32.8403877 678.5215000 0.0000000
0.3315259 0.1551404 1.0000000 300.0000000 100000.0000000 33.8720194 33.1820492 33.1844255 681.0245000 0.0000000
0.3330378 0.1551404 1.0000000 300.0000000 100000.0000000 34.2146811 33.5250739 33.5274412 683.5395000 0.0000000
0.3345448 0.1551404 1.0000000 300.0000000 100000.0000000 34.5545789 33.8659154 33.8683107 686.0539000 0.0000000
0.3360471 0.1551404 1.0000000 300.0000000 100000.0000000 34.8897090 34.2024112 34.2048157 688.5154000 0.0000000
0.3375448 0.1551404 1.0000000 300.0000000 100000.0000000 35.2366928 34.5474958 34.5498894 691.0090000 0.0000000