0.0000271 0.3943704 1.2410000 300.0000000 100000.0000000 0.0000000 0.0000000 0.0000000 300.0000000 0.3763837
0.0027034 0.3943704 1.2410000 300.0000000 100000.0000000 0.3752964 0.2262379 0.2262379 301.8274000 0.3762449
0.0053873 0.3943704 1.2410000 300.0000000 100000.0000000 0.7211881 0.4195598 0.4195598 303.5432000 0.3758771
0.0080521 0.3943704 1.2410000 300.0000000 100000.0000000 1.0230449 0.5796839 0.5796840 305.1437000 0.3752851
0.0106973 0.3943704 1.2410000 300.0000000 100000.0000000 1.2183727 0.7366606 0.7366602 306.6196000 0.3744650
0.0133234 0.3943704 1.2410000 300.0000000 100000.0000000 1.3354040 0.8679401 0.8679392 307.9186000 0.3733916
0.0159316 0.3943704 1.2410000 300.0000000 100000.0000000 1.4053772 0.9622245 0.9622238 309.0641000 0.3720784
0.0185234 0.3943704 1.2410000 300.0000000 100000.0000000 1.4371581 1.0270793 1.0270779 310.1027000 0.3705772
0.0211013 0.3943704 1.2410000 300.0000000 100000.0000000 1.4418812 1.0693763 1.0693750 311.0767000 0.3689361
0.0236678 0.3943704 1.2410000 300.0000000 100000.0000000 1.4270916 1.0944218 1.0944210 312.0161000 0.3671868
0.0262265 0.3943704 1.2410000 300.0000000 100000.0000000 1.3997581 1.1036461 1.1036456 312.9349000 0.3653368
0.0287810 0.3943704 1.2410000 300.0000000 100000.0000000 1.3629333 1.0977463 1.0977447 313.8359000 0.3633905
0.0313356 0.3943704 1.2410000 300.0000000 100000.0000000 1.3199780 1.0787103 1.0787080 314.7265000 0.3613560
0.0338913 0.3943704 1.2410000 300.0000000 100000.0000000 1.2743976 1.0503675 1.0503646 315.6185000 0.3592535
0.0364493 0.3943704 1.2410000 300.0000000 100000.0000000 1.2277453 1.0179864 1.0179829 316.5248000 0.3571106
0.0390089 0.3943704 1.2410000 300.0000000 100000.0000000 1.1831544 0.9851717 0.9851686 317.4548000 0.3549438
0.0415663 0.3943704 1.2410000 300.0000000 100000.0000000 1.1437901 0.9534600 0.9534575 318.4081000 0.3527757
0.0441195 0.3943704 1.2410000 300.0000000 100000.0000000 1.1093357 0.9237099 0.9237077 319.3778000 0.3506074
0.0466692 0.3943704 1.2410000 300.0000000 100000.0000000 1.0784327 0.8957702 0.8957673 320.3549000 0.3484335
0.0492159 0.3943704 1.2410000 300.0000000 100000.0000000 1.0504840 0.8689879 0.8689845 321.3308000 0.3462532
0.0517597 0.3943704 1.2410000 300.0000000 100000.0000000 1.0251907 0.8433585 0.8433553 322.3008000 0.3440666
0.0542996 0.3943704 1.2410000 300.0000000 100000.0000000 1.0029377 0.8196395 0.8196367 323.2644000 0.3418804
0.0568346 0.3943704 1.2410000 300.0000000 100000.0000000 0.9845384 0.7991942 0.7991903 324.2248000 0.3397008
0.0593638 0.3943704 1.2410000 300.0000000 100000.0000000 0.9711020 0.7834687 0.7834653 325.1868000 0.3375443
0.0618863 0.3943704 1.2410000 300.0000000 100000.0000000 0.9636975 0.7735305 0.7735280 326.1551000 0.3354172
0.0644020 0.3943704 1.2410000 300.0000000 100000.0000000 0.9625424 0.7700070 0.7700065 327.1329000 0.3333258
0.0669111 0.3943704 1.2410000 300.0000000 100000.0000000 0.9674003 0.7728595 0.7728612 328.1213000 0.3312629
0.0694141 0.3943704 1.2410000 300.0000000 100000.0000000 0.9776815 0.7815479 0.7815518 329.1201000 0.3285814
0.0719114 0.3943704 1.2410000 300.0000000 100000.0000000 0.9925802 0.7953645 0.7953715 330.1284000 0.3257594
0.0744038 0.3943704 1.2410000 300.0000000 100000.0000000 1.0114534 0.8136327 0.8136441 331.1454000 0.3226517
0.0768917 0.3943704 1.2410000 300.0000000 100000.0000000 1.0340658 0.8357515 0.8357683 332.1714000 0.3196238
0.0793757 0.3943704 1.2410000 300.0000000 100000.0000000 1.0600785 0.8613759 0.8613951 333.2068000 0.3166585
0.0818562 0.3943704 1.2410000 300.0000000 100000.0000000 1.0891540 0.8901613 0.8901767 334.2520000 0.3147441
0.0843334 0.3943704 1.2410000 300.0000000 100000.0000000 1.1208628 0.9216163 0.9216344 335.3067000 0.3128381
0.0868077 0.3943704 1.2410000 300.0000000 100000.0000000 1.1545617 0.9550595 0.9550811 336.3698000 0.3109251
0.0892793 0.3943704 1.2410000 300.0000000 100000.0000000 1.1893878 0.9896198 0.9896430 337.4390000 0.3087458
0.0917485 0.3943704 1.2410000 300.0000000 100000.0000000 1.2243499 1.0243099 1.0243338 338.5113000 0.3048745
0.0942157 0.3943704 1.2410000 300.0000000 100000.0000000 1.2584474 1.0581473 1.0581686 339.5836000 0.3007831
0.0966812 0.3943704 1.2410000 300.0000000 100000.0000000 1.2907053 1.0903113 1.0903271 340.6531000 0.2964121
0.0991457 0.3943704 1.2410000 300.0000000 100000.0000000 1.3205115 1.1200894 1.1200990 341.7178000 0.2909391
0.1016104 0.3943704 1.2410000 300.0000000 100000.0000000 1.3474176 1.1470359 1.1470359 342.7768000 0.2879475
0.1040768 0.3943704 1.2410000 300.0000000 100000.0000000 1.3711295 1.1709475 1.1709483 343.8300000 0.2859360
0.1065449 0.3943704 1.2410000 300.0000000 100000.0000000 1.3915957 1.1917470 1.1917496 344.8778000 0.2839998
0.1090090 0.3943704 1.2410000 300.0000000 100000.0000000 1.4088404 1.2094764 1.2094816 345.9193000 0.2820314
0.1114684 0.3943704 1.2410000 300.0000000 100000.0000000 1.4231018 1.2245272 1.2245321 346.9598000 0.2800268
0.1139230 0.3943704 1.2410000 300.0000000 100000.0000000 1.4352123 1.2374930 1.2374922 348.0072000 0.2780865
0.1163726 0.3943704 1.2410000 300.0000000 100000.0000000 1.4461481 1.2492112 1.2492122 349.0687000 0.2763355
0.1188172 0.3943704 1.2410000 300.0000000 100000.0000000 1.4566283 1.2606173 1.2606293 350.1471000 0.2742271
0.1212564 0.3943704 1.2410000 300.0000000 100000.0000000 1.4672473 1.2724026 1.2724240 351.2409000 0.2719315
0.1236902 0.3943704 1.2410000 300.0000000 100000.0000000 1.4784217 1.2846915 1.2847086 352.3424000 0.2692269
0.1261184 0.3943704 1.2410000 300.0000000 100000.0000000 1.4897130 1.2974133 1.2974480 353.4432000 0.2664947
0.1285406 0.3943704 1.2410000 300.0000000 100000.0000000 1.5005954 1.3103131 1.3103653 354.5382000 0.2634876
0.1309569 0.3943704 1.2410000 300.0000000 100000.0000000 1.5110934 1.3228051 1.3228559 355.6243000 0.2609279
0.1333669 0.3943704 1.2410000 300.0000000 100000.0000000 1.5213544 1.3343292 1.3343741 356.6998000 0.2577908
0.1357705 0.3943704 1.2410000 300.0000000 100000.0000000 1.5310199 1.3449467 1.3449870 357.7646000 0.2542248
0.1381676 0.3943704 1.2410000 300.0000000 100000.0000000 1.5399939 1.3550488 1.3550906 358.8218000 0.2474455
0.1405579 0.3943704 1.2410000 300.0000000 100000.0000000 1.5489202 1.3652060 1.3652579 359.8772000 0.2439320
0.1429413 0.3943704 1.2410000 300.0000000 100000.0000000 1.5586238 1.3761730 1.3762257 360.9351000 0.2407912
0.1453178 0.3943704 1.2410000 300.0000000 100000.0000000 1.5699342 1.3886618 1.3887291 361.9996000 0.2374475
0.1476873 0.3943704 1.2410000 300.0000000 100000.0000000 1.5834098 1.4033325 1.4034032 363.0740000 0.2328004
0.1500498 0.3943704 1.2410000 300.0000000 100000.0000000 1.5995693 1.4206159 1.4206838 364.1605000 0.2282685
0.1524056 0.3943704 1.2410000 300.0000000 100000.0000000 1.6190081 1.4407904 1.4408504 365.2613000 0.2238460
0.1547548 0.3943704 1.2410000 300.0000000 100000.0000000 1.6416145 1.4642008 1.4642605 366.3772000 0.2211593
0.1570977 0.3943704 1.2410000 300.0000000 100000.0000000 1.6672023 1.4908190 1.4908834 367.5079000 0.2183635
0.1594348 0.3943704 1.2410000 300.0000000 100000.0000000 1.6955374 1.5201560 1.5202211 368.6513000 0.2156083
0.1617664 0.3943704 1.2410000 300.0000000 100000.0000000 1.7261211 1.5515149 1.5515819 369.8042000 0.2128487
0.1640930 0.3943704 1.2410000 300.0000000 100000.0000000 1.7578548 1.5840923 1.5841651 370.9624000 0.2101620
0.1664147 0.3943704 1.2410000 300.0000000 100000.0000000 1.7895848 1.6169085 1.6169794 372.1204000 0.2070497
0.1687319 0.3943704 1.2410000 300.0000000 100000.0000000 1.8202950 1.6492678 1.6493376 373.2746000 0.2042808
0.1710446 0.3943704 1.2410000 300.0000000 100000.0000000 1.8502255 1.6804037 1.6804711 374.4232000 0.2016513
0.1733530 0.3943704 1.2410000 300.0000000 100000.0000000 1.8791725 1.7103116 1.7103970 375.5677000 0.1990127
0.1756571 0.3943704 1.2410000 300.0000000 100000.0000000 1.9069476 1.7392987 1.7394012 376.7112000 0.1950755
0.1779566 0.3943704 1.2410000 300.0000000 100000.0000000 1.9339561 1.7675718 1.7676921 377.8572000 0.1889336
0.1802515 0.3943704 1.2410000 300.0000000 100000.0000000 1.9608659 1.7953058 1.7954456 379.0084000 0.1827963
0.1825414 0.3943704 1.2410000 300.0000000 100000.0000000 1.9878109 1.8229957 1.8231691 380.1671000 0.1793890
0.1848261 0.3943704 1.2410000 300.0000000 100000.0000000 2.0150648 1.8510060 1.8511981 381.3345000 0.1767696
0.1871054 0.3943704 1.2410000 300.0000000 100000.0000000 2.0429238 1.8796050 1.8798032 382.5116000 0.1741174
0.1893791 0.3943704 1.2410000 300.0000000 100000.0000000 2.0717947 1.9089002 1.9091029 383.6991000 0.1715413
0.1916470 0.3943704 1.2410000 300.0000000 100000.0000000 2.1018079 1.9389614 1.9391613 384.8976000 0.1686615
0.1939091 0.3943704 1.2410000 300.0000000 100000.0000000 2.1329607 1.9697888 1.9699906 386.1077000 0.1615204
0.1961654 0.3943704 1.2410000 300.0000000 100000.0000000 2.1650187 2.0013610 2.0015555 387.3295000 0.1572194
0.1984159 0.3943704 1.2410000 300.0000000 100000.0000000 2.1976677 2.0336019 2.0337700 388.5633000 0.1545294
0.2006608 0.3943704 1.2410000 300.0000000 100000.0000000 2.2311127 2.0665120 2.0666651 389.8153000 0.1516410
0.2029001 0.3943704 1.2410000 300.0000000 100000.0000000 2.2654605 2.1005536 2.1007422 391.0944000 0.1490103
0.2051342 0.3943704 1.2410000 300.0000000 100000.0000000 2.3008622 2.1362136 2.1364325 392.4060000 0.1458698
0.2073631 0.3943704 1.2410000 300.0000000 100000.0000000 2.3374650 2.1735420 2.1737637 393.7489000 0.1434932
0.2095870 0.3943704 1.2410000 300.0000000 100000.0000000 2.3751925 2.2122649 2.2124841 395.1149000 0.1411267
0.2118062 0.3943704 1.2410000 300.0000000 100000.0000000 2.4136371 2.2518712 2.2521190 396.4930000 0.1382560
0.2140209 0.3943704 1.2410000 300.0000000 100000.0000000 2.4524481 2.2917551 2.2920044 397.8754000 0.1357165
0.2162313 0.3943704 1.2410000 300.0000000 100000.0000000 2.4916458 2.3315633 2.3318012 399.2590000 0.1328902
0.2184376 0.3943704 1.2410000 300.0000000 100000.0000000 2.5311263 2.3714466 2.3717200 400.6445000 0.1300649
0.2206400 0.3943704 1.2410000 300.0000000 100000.0000000 2.5710556 2.4116846 2.4119735 402.0342000 0.1277712
0.2228387 0.3943704 1.2410000 300.0000000 100000.0000000 2.6115088 2.4523795 2.4526775 403.4288000 0.1255042
0.2250323 0.3943704 1.2410000 300.0000000 100000.0000000 2.6523983 2.4934786 2.4938094 404.8266000 0.1232615
0.2272177 0.3943704 1.2410000 300.0000000 100000.0000000 2.6937292 2.5348734 2.5352325 406.2243000 0.1210452
0.2293944 0.3943704 1.2410000 300.0000000 100000.0000000 2.7355258 2.5765254 2.5769000 407.6210000 0.1188536
0.2315626 0.3943704 1.2410000 300.0000000 100000.0000000 2.7777138 2.6183775 2.6187112 409.0161000 0.1166860
0.2337222 0.3943704 1.2410000 300.0000000 100000.0000000 2.8201138 2.6603537 2.6606525 410.4091000 0.1135006
0.2358731 0.3943704 1.2410000 300.0000000 100000.0000000 2.8626708 2.7023922 2.7026948 411.7996000 0.1091029
0.2380154 0.3943704 1.2410000 300.0000000 100000.0000000 2.9052858 2.7445409 2.7448398 413.1873000 0.1062202
0.2401491 0.3943704 1.2410000 300.0000000 100000.0000000 2.9479793 2.7868247 2.7871098 414.5717000 0.1037484
0.2422742 0.3943704 1.2410000 300.0000000 100000.0000000 2.9908529 2.8292770 2.8295536 415.9527000 0.1006629
0.2443907 0.3943704 1.2410000 300.0000000 100000.0000000 3.0340882 2.8720291 2.8722604 417.3328000 0.0981579
0.2464987 0.3943704 1.2410000 300.0000000 100000.0000000 3.0780506 2.9154723 2.9156648 418.7239000 0.0962670
0.2485981 0.3943704 1.2410000 300.0000000 100000.0000000 3.1234806 2.9604352 2.9606016 420.1444000 0.0941295
0.2506892 0.3943704 1.2410000 300.0000000 100000.0000000 3.1712897 3.0076306 3.0078118 421.6043000 0.0834873
0.2527720 0.3943704 1.2410000 300.0000000 100000.0000000 3.2219175 3.0574103 3.0575870 423.0987000 0.0803356
0.2548466 0.3943704 1.2410000 300.0000000 100000.0000000 3.2752723 3.1095320 3.1097038 424.6125000 0.0778960
0.2569132 0.3943704 1.2410000 300.0000000 100000.0000000 3.3306177 3.1633827 3.1635079 426.1315000 0.0761663
0.2589720 0.3943704 1.2410000 300.0000000 100000.0000000 3.3871685 3.2181817 3.2183652 427.6498000 0.0744523
0.2610233 0.3943704 1.2410000 300.0000000 100000.0000000 3.4441281 3.2735753 3.2737396 429.1670000 0.0727548
0.2630674 0.3943704 1.2410000 300.0000000 100000.0000000 3.5010479 3.3293428 3.3295779 430.6854000 0.0710767
0.2651045 0.3943704 1.2410000 300.0000000 100000.0000000 3.5581583 3.3855800 3.3858169 432.2076000 0.0683104
0.2671348 0.3943704 1.2410000 300.0000000 100000.0000000 3.6158367 3.4423386 3.4425804 433.7354000 0.0650971
0.2691587 0.3943704 1.2410000 300.0000000 100000.0000000 3.6742396 3.4995720 3.4998046 435.2680000 0.0617957
0.2711764 0.3943704 1.2410000 300.0000000 100000.0000000 3.7330765 3.5570538 3.5572891 436.8025000 0.0597703
0.2731880 0.3943704 1.2410000 300.0000000 100000.0000000 3.7918324 3.6144109 3.6146648 438.3349000 0.0576924
0.2751939 0.3943704 1.2410000 300.0000000 100000.0000000 3.8500852 3.6712366 3.6714859 439.8614000 0.0553194
0.2771943 0.3943704 1.2410000 300.0000000 100000.0000000 3.9075017 3.7271101 3.7273289 441.3794000 0.0520770
0.2791894 0.3943704 1.2410000 300.0000000 100000.0000000 3.9635893 3.7817998 3.7819447 442.8873000 0.0498922
0.2811795 0.3943704 1.2410000 300.0000000 100000.0000000 4.0182585 3.8350106 3.8351717 444.3857000 0.0478578
0.2831648 0.3943704 1.2410000 300.0000000 100000.0000000 4.0716510 3.8870335 3.8872072 445.8905000 0.0459014
0.2851456 0.3943704 1.2410000 300.0000000 100000.0000000 4.1251003 3.9391514 3.9393284 447.4550000 0.0441975
0.2871220 0.3943704 1.2410000 300.0000000 100000.0000000 4.1806752 3.9931831 3.9933734 449.1115000 0.0419467
0.2890944 0.3943704 1.2410000 300.0000000 100000.0000000 4.2396196 4.0501064 4.0502744 450.8311000 0.0407577
0.2910630 0.3943704 1.2410000 300.0000000 100000.0000000 4.3017844 4.1096740 4.1098072 452.5675000 0.0394218
0.2930280 0.3943704 1.2410000 300.0000000 100000.0000000 4.3662937 4.1713371 4.1714638 454.3007000 0.0380499
0.2949897 0.3943704 1.2410000 300.0000000 100000.0000000 4.4325796 4.2347653 4.2349284 456.0300000 0.0364553
0.2969484 0.3943704 1.2410000 300.0000000 100000.0000000 4.5003626 4.2997921 4.2999558 457.7609000 0.0349569
0.2989045 0.3943704 1.2410000 300.0000000 100000.0000000 4.5694632 4.3663320 4.3664510 459.4991000 0.0336287
0.3008581 0.3943704 1.2410000 300.0000000 100000.0000000 4.6397081 4.4342219 4.4343185 461.2482000 0.0325286
0.3028053 0.3943704 1.2410000 300.0000000 100000.0000000 4.7109228 4.5032860 4.5033988 463.0074000 0.0308984
0.3047400 0.3943704 1.2410000 300.0000000 100000.0000000 4.7831240 4.5733815 4.5734680 464.7740000 0.0298443
0.3066620 0.3943704 1.2410000 300.0000000 100000.0000000 4.8565903 4.6446580 4.6447915 466.5520000 0.0282560
0.3085711 0.3943704 1.2410000 300.0000000 100000.0000000 4.9314964 4.7173963 4.7175528 468.3407000 0.0272576
0.3104672 0.3943704 1.2410000 300.0000000 100000.0000000 5.0077257 4.7915175 4.7917794 470.1324000 0.0261105
0.3123503 0.3943704 1.2410000 300.0000000 100000.0000000 5.0851152 4.8669276 4.8672396 471.9236000 0.0249470
0.3142200 0.3943704 1.2410000 300.0000000 100000.0000000 5.1636891 4.9435525 4.9437785 473.7171000 0.0240477
0.3160761 0.3943704 1.2410000 300.0000000 100000.0000000 5.2436662 5.0215462 5.0217326 475.5236000 0.0231784
0.3179186 0.3943704 1.2410000 300.0000000 100000.0000000 5.3253652 5.1013202 5.1014659 477.3545000 0.0222038
0.3197470 0.3943704 1.2410000 300.0000000 100000.0000000 5.4089688 5.1830532 5.1832035 479.2188000 0.0206508
0.3215611 0.3943704 1.2410000 300.0000000 100000.0000000 5.4944207 5.2667371 5.2668889 481.1212000 0.0195576
0.3233607 0.3943704 1.2410000 300.0000000 100000.0000000 5.5815023 5.3520978 5.3522700 483.0564000 0.0188579
0.3251455 0.3943704 1.2410000 300.0000000 100000.0000000 5.6697044 5.4387139 5.4388111 485.0103000 0.0181906
0.3269150 0.3943704 1.2410000 300.0000000 100000.0000000 5.7585895 5.5260016 5.5261154 486.9691000 0.0170317
0.3286690 0.3943704 1.2410000 300.0000000 100000.0000000 5.8478306 5.6137776 5.6137988 488.9227000 0.0164256
0.3304072 0.3943704 1.2410000 300.0000000 100000.0000000 5.9374725 5.7017944 5.7017975 490.8654000 0.0157049
0.3321295 0.3943704 1.2410000 300.0000000 100000.0000000 6.0274229 5.7901330 5.7901137 492.7912000 0.0142767