0.0000271 0.0335103 1.0000000 300.0000000 100000.0000000 0.0000000 0.0000000 0.0000000 300.0000000 0.0369866
0.0027033 0.0335103 1.0000000 300.0000000 100000.0000000 0.4222142 0.2602478 0.2602478 302.0794000 0.0369579
0.0053870 0.0335103 1.0000000 300.0000000 100000.0000000 0.8520282 0.5213404 0.5213404 304.2517000 0.0368777
0.0080513 0.0335103 1.0000000 300.0000000 100000.0000000 1.2793626 0.7783570 0.7783566 306.4773000 0.0367475
0.0106957 0.0335103 1.0000000 300.0000000 100000.0000000 1.6536910 1.0556941 1.0556920 308.7460000 0.0365675
0.0133200 0.0335103 1.0000000 300.0000000 100000.0000000 1.9463246 1.3656859 1.3656841 310.9932000 0.0363334
0.0159245 0.0335103 1.0000000 300.0000000 100000.0000000 2.2442077 1.6640504 1.6640481 313.2092000 0.0360425
0.0185090 0.0335103 1.0000000 300.0000000 100000.0000000 2.5335382 1.9572719 1.9572685 315.4026000 0.0356923
0.0210740 0.0335103 1.0000000 300.0000000 100000.0000000 2.8157743 2.2442815 2.2442773 317.5781000 0.0352822
0.0236196 0.0335103 1.0000000 300.0000000 100000.0000000 3.0918327 2.5241616 2.5241575 319.7396000 0.0348101
0.0261461 0.0335103 1.0000000 300.0000000 100000.0000000 3.3606574 2.7969740 2.7969708 321.8911000 0.0342749
0.0286538 0.0335103 1.0000000 300.0000000 100000.0000000 3.6218987 3.0627499 3.0627453 324.0374000 0.0336765
0.0311433 0.0335103 1.0000000 300.0000000 100000.0000000 3.8755796 3.3216252 3.3216191 326.1846000 0.0330173
0.0336149 0.0335103 1.0000000 300.0000000 100000.0000000 4.1218902 3.5738425 3.5738329 328.3393000 0.0322996
0.0360696 0.0335103 1.0000000 300.0000000 100000.0000000 4.3614258 3.8194598 3.8194476 330.5075000 0.0315255
0.0385082 0.0335103 1.0000000 300.0000000 100000.0000000 4.5940823 4.0588326 4.0588172 332.6950000 0.0306961
0.0409317 0.0335103 1.0000000 300.0000000 100000.0000000 4.8201362 4.2921510 4.2921379 334.9074000 0.0298121
0.0433411 0.0335103 1.0000000 300.0000000 100000.0000000 5.0399916 4.5196455 4.5196326 337.1498000 0.0285888
0.0457376 0.0335103 1.0000000 300.0000000 100000.0000000 5.2541365 4.7416413 4.7416249 339.4277000 0.0275980
0.0481189 0.0335103 1.0000000 300.0000000 100000.0000000 5.4626910 4.9583037 4.9582867 341.7432000 0.0265583
0.0504783 0.0335103 1.0000000 300.0000000 100000.0000000 5.6656504 5.1695006 5.1694846 344.0949000 0.0251632
0.0528183 0.0335103 1.0000000 300.0000000 100000.0000000 5.8638510 5.3759494 5.3759375 346.4897000 0.0237362
0.0551435 0.0335103 1.0000000 300.0000000 100000.0000000 6.0583807 5.5785718 5.5785580 348.9370000 0.0224211
0.0574601 0.0335103 1.0000000 300.0000000 100000.0000000 6.2500985 5.7786896 5.7786762 351.4502000 0.0212358
0.0597721 0.0335103 1.0000000 300.0000000 100000.0000000 6.4406167 5.9771929 5.9771818 354.0445000 0.0198878
0.0620666 0.0335103 1.0000000 300.0000000 100000.0000000 6.6298703 6.1740662 6.1740593 356.7205000 0.0184072
0.0643427 0.0335103 1.0000000 300.0000000 100000.0000000 6.8189655 6.3702221 6.3702176 359.4897000 0.0171896
0.0666074 0.0335103 1.0000000 300.0000000 100000.0000000 7.0095581 6.5672051 6.5672067 362.3647000 0.0153160
0.0688653 0.0335103 1.0000000 300.0000000 100000.0000000 7.2027930 6.7662618 6.7662696 365.3479000 0.0139978
0.0710890 0.0335103 1.0000000 300.0000000 100000.0000000 7.3972430 6.9656029 6.9656111 368.3975000 0.0123762
0.0732798 0.0335103 1.0000000 300.0000000 100000.0000000 7.5932183 7.1654611 7.1654766 371.5086000 0.0112161
0.0754388 0.0335103 1.0000000 300.0000000 100000.0000000 7.7904709 7.3658765 7.3658994 374.6763000 0.0097963
0.0775594 0.0335103 1.0000000 300.0000000 100000.0000000 7.9883090 7.5659972 7.5660280 377.8927000 0.0085793
0.0796540 0.0335103 1.0000000 300.0000000 100000.0000000 8.1885609 7.7676060 7.7676459 381.1766000 0.0074752
0.0817322 0.0335103 1.0000000 300.0000000 100000.0000000 8.3937167 7.9732138 7.9732551 384.5359000 0.0065555
0.0837999 0.0335103 1.0000000 300.0000000 100000.0000000 8.6063619 8.1853369 8.1853867 388.0112000 0.0047290
0.0858592 0.0335103 1.0000000 300.0000000 100000.0000000 8.8300839 8.4074094 8.4074650 391.8174000 0.0027078
0.0879094 0.0335103 1.0000000 300.0000000 100000.0000000 9.0604459 8.6350903 8.6351456 395.3166000 0.0006130
0.0899485 0.0335103 1.0000000 300.0000000 100000.0000000 9.2997793 8.8705965 8.8706504 398.9642000 0.0000000
0.0919753 0.0335103 1.0000000 300.0000000 100000.0000000 9.5525299 9.1183708 9.1184333 402.5094000 0.0000000
0.0939906 0.0335103 1.0000000 300.0000000 100000.0000000 9.8108667 9.3706801 9.3707440 405.7527000 0.0000000
0.0959903 0.0335103 1.0000000 300.0000000 100000.0000000 10.0802207 9.6327759 9.6328389 409.7384000 0.0000000
0.0979719 0.0335103 1.0000000 300.0000000 100000.0000000 10.3611319 9.9051334 9.9052002 413.6863000 0.0000000
0.0999208 0.0335103 1.0000000 300.0000000 100000.0000000 10.6516122 10.1855586 10.1856276 417.1527000 0.0000000
0.1018251 0.0335103 1.0000000 300.0000000 100000.0000000 10.9457295 10.4679722 10.4680364 420.2079000 0.0000000
0.1036957 0.0335103 1.0000000 300.0000000 100000.0000000 11.2435586 10.7524417 10.7525031 422.9554000 0.0000000
0.1055441 0.0335103 1.0000000 300.0000000 100000.0000000 11.5457707 11.0394063 11.0394609 425.4700000 0.0000000
0.1073803 0.0335103 1.0000000 300.0000000 100000.0000000 11.8532036 11.3291991 11.3292481 427.8110000 0.0000000
0.1092125 0.0335103 1.0000000 300.0000000 100000.0000000 12.1665618 11.6222163 11.6222667 430.0254000 0.0000000
0.1110478 0.0335103 1.0000000 300.0000000 100000.0000000 12.4862137 11.9191304 11.9191531 432.1513000 0.0000000
0.1128914 0.0335103 1.0000000 300.0000000 100000.0000000 12.8114452 12.2209121 12.2209314 434.2228000 0.0000000
0.1147462 0.0335103 1.0000000 300.0000000 100000.0000000 13.1417869 12.5279904 12.5280266 436.2665000 0.0000000
0.1166100 0.0335103 1.0000000 300.0000000 100000.0000000 13.4763495 12.8398622 12.8399115 438.2997000 -0.0000001
0.1184776 0.0335103 1.0000000 300.0000000 100000.0000000 13.8130838 13.1557268 13.1557849 440.3322000 0.0000000
0.1203486 0.0335103 1.0000000 300.0000000 100000.0000000 14.1517667 13.4751916 13.4752413 442.3755000 0.0000000
0.1222227 0.0335103 1.0000000 300.0000000 100000.0000000 14.4917673 13.7980363 13.7980890 444.4374000 0.0000000
0.1240989 0.0335103 1.0000000 300.0000000 100000.0000000 14.8325551 14.1239922 14.1240357 446.5218000 0.0000000
0.1259759 0.0335103 1.0000000 300.0000000 100000.0000000 15.1734292 14.4528908 14.4529123 448.6297000 0.0000000
0.1278528 0.0335103 1.0000000 300.0000000 100000.0000000 15.5140742 14.7844498 14.7844586 450.7601000 0.0000000
0.1297284 0.0335103 1.0000000 300.0000000 100000.0000000 15.8547212 15.1181807 15.1181947 452.9109000 0.0000000
0.1316016 0.0335103 1.0000000 300.0000000 100000.0000000 16.1957625 15.4535583 15.4535842 455.0796000 0.0000000
0.1334712 0.0335103 1.0000000 300.0000000 100000.0000000 16.5373619 15.7901979 15.7902261 457.2629000 0.0000000
0.1353360 0.0335103 1.0000000 300.0000000 100000.0000000 16.8795146 16.1278197 16.1278500 459.4575000 0.0000000
0.1371949 0.0335103 1.0000000 300.0000000 100000.0000000 17.2221730 16.4662175 16.4662368 461.6603000 0.0000000
0.1390472 0.0335103 1.0000000 300.0000000 100000.0000000 17.5652962 16.8052194 16.8052253 463.8688000 0.0000000
0.1408920 0.0335103 1.0000000 300.0000000 100000.0000000 17.9088501 17.1446956 17.1446909 466.0807000 0.0000000
0.1427289 0.0335103 1.0000000 300.0000000 100000.0000000 18.2527803 17.4845626 17.4845536 468.2942000 -0.0000001
0.1445573 0.0335103 1.0000000 300.0000000 100000.0000000 18.5970638 17.8247681 17.8247492 470.5079000 0.0000000
0.1463769 0.0335103 1.0000000 300.0000000 100000.0000000 18.9416706 18.1652847 18.1652579 472.7206000 0.0000000
0.1481876 0.0335103 1.0000000 300.0000000 100000.0000000 19.2865907 18.5061035 18.5060713 474.9315000 0.0000000
0.1499892 0.0335103 1.0000000 300.0000000 100000.0000000 19.6318356 18.8472364 18.8472040 477.1398000 0.0000000
0.1517816 0.0335103 1.0000000 300.0000000 100000.0000000 19.9774232 19.1887232 19.1886914 479.3450000 0.0000000
0.1535649 0.0335103 1.0000000 300.0000000 100000.0000000 20.3234000 19.5306002 19.5305748 481.5465000 0.0000000
0.1553390 0.0335103 1.0000000 300.0000000 100000.0000000 20.6698033 19.8729058 19.8728886 483.7435000 0.0000000
0.1571037 0.0335103 1.0000000 300.0000000 100000.0000000 21.0165945 20.2156146 20.2156008 485.9350000 0.0000000
0.1588589 0.0335103 1.0000000 300.0000000 100000.0000000 21.3638115 20.5587543 20.5587415 488.1202000 0.0000000
0.1606049 0.0335103 1.0000000 300.0000000 100000.0000000 21.7114977 20.9023725 20.9023583 490.2985000 0.0000000
0.1623419 0.0335103 1.0000000 300.0000000 100000.0000000 22.0596981 21.2465066 21.2464919 492.4694000 0.0000000
0.1640701 0.0335103 1.0000000 300.0000000 100000.0000000 22.4084502 21.5911959 21.5911760 494.6323000 0.0000000
0.1657898 0.0335103 1.0000000 300.0000000 100000.0000000 22.7577926 21.9364634 21.9364470 496.7869000 0.0000000
0.1675013 0.0335103 1.0000000 300.0000000 100000.0000000 23.1077605 22.2823336 22.2823280 498.9327000 0.0000000
0.1692049 0.0335103 1.0000000 300.0000000 100000.0000000 23.4583890 22.6288287 22.6288298 501.0698000 0.0000000
0.1709008 0.0335103 1.0000000 300.0000000 100000.0000000 23.8096965 22.9759663 22.9759726 503.1979000 0.0000000
0.1725893 0.0335103 1.0000000 300.0000000 100000.0000000 24.1616934 23.3237660 23.3237746 505.3174000 0.0000000
0.1742708 0.0335103 1.0000000 300.0000000 100000.0000000 24.5143883 23.6722433 23.6722576 507.4286000 0.0000000
0.1759455 0.0335103 1.0000000 300.0000000 100000.0000000 24.8677934 24.0214186 24.0214360 509.5318000 0.0000000
0.1776136 0.0335103 1.0000000 300.0000000 100000.0000000 25.2219288 24.3713053 24.3713258 511.6277000 0.0000000
0.1792756 0.0335103 1.0000000 300.0000000 100000.0000000 25.5768042 24.7219276 24.7219443 513.7171000 0.0000000
0.1809316 0.0335103 1.0000000 300.0000000 100000.0000000 25.9324340 25.0733035 25.0733110 515.8006000 -0.0000001
0.1825818 0.0335103 1.0000000 300.0000000 100000.0000000 26.2888295 25.4254450 25.4254503 517.8791000 0.0000000
0.1842265 0.0335103 1.0000000 300.0000000 100000.0000000 26.6460079 25.7783670 25.7783704 519.9533000 0.0000000
0.1858658 0.0335103 1.0000000 300.0000000 100000.0000000 27.0039763 26.1320765 26.1320849 522.0239000 0.0000000
0.1874999 0.0335103 1.0000000 300.0000000 100000.0000000 27.3627271 26.4865881 26.4866007 524.0916000 0.0000000
0.1891289 0.0335103 1.0000000 300.0000000 100000.0000000 27.7222515 26.8419089 26.8419179 526.1568000 0.0000000
0.1907528 0.0335103 1.0000000 300.0000000 100000.0000000 28.0825446 27.1980297 27.1980313 528.2202000 0.0000000
0.1923718 0.0335103 1.0000000 300.0000000 100000.0000000 28.4435932 27.5549351 27.5549343 530.2820000 0.0000000
0.1939858 0.0335103 1.0000000 300.0000000 100000.0000000 28.8053803 27.9126115 27.9126075 532.3425000 0.0000000
0.1955949 0.0335103 1.0000000 300.0000000 100000.0000000 29.1678834 28.2710357 28.2710332 534.4021000 0.0000000
0.1971990 0.0335103 1.0000000 300.0000000 100000.0000000 29.5310840 28.6301842 28.6301816 536.4608000 0.0000000
0.1987981 0.0335103 1.0000000 300.0000000 100000.0000000 29.8949646 28.9900283 28.9900225 538.5189000 0.0000000
0.2003922 0.0335103 1.0000000 300.0000000 100000.0000000 30.2594918 29.3505410 29.3505372 540.5766000 0.0000000
0.2019813 0.0335103 1.0000000 300.0000000 100000.0000000 30.6246271 29.7117070 29.7117013 542.6339000 0.0000000
0.2035654 0.0335103 1.0000000 300.0000000 100000.0000000 30.9903458 30.0734980 30.0734919 544.6910000 0.0000000
0.2051443 0.0335103 1.0000000 300.0000000 100000.0000000 31.3566307 30.4358857 30.4358820 546.7480000 0.0000000
0.2067181 0.0335103 1.0000000 300.0000000 100000.0000000 31.7234510 30.7988535 30.7988504 548.8050000 0.0000000
0.2082867 0.0335103 1.0000000 300.0000000 100000.0000000 32.0907915 31.1623765 31.1623748 550.8619000 0.0000000
0.2098501 0.0335103 1.0000000 300.0000000 100000.0000000 32.4586314 31.5264425 31.5264352 552.9189000 0.0000000
0.2114081 0.0335103 1.0000000 300.0000000 100000.0000000 32.8269556 31.8910318 31.8910239 554.9759000 0.0000000
0.2129608 0.0335103 1.0000000 300.0000000 100000.0000000 33.1957582 32.2561307 32.2561237 557.0327000 0.0000000
0.2145081 0.0335103 1.0000000 300.0000000 100000.0000000 33.5650231 32.6217330 32.6217249 559.0894000 0.0000000
0.2160501 0.0335103 1.0000000 300.0000000 100000.0000000 33.9347285 32.9878363 32.9878238 561.1457000 0.0000000
0.2175866 0.0335103 1.0000000 300.0000000 100000.0000000 34.3048666 33.3544298 33.3544149 563.2015000 0.0000000
0.2191176 0.0335103 1.0000000 300.0000000 100000.0000000 34.6754427 33.7215036 33.7214852 565.2565000 0.0000000
0.2206432 0.0335103 1.0000000 300.0000000 100000.0000000 35.0464533 34.0890520 34.0890302 567.3105000 0.0000000
0.2221633 0.0335103 1.0000000 300.0000000 100000.0000000 35.4178931 34.4570749 34.4570454 569.3632000 0.0000000
0.2236779 0.0335103 1.0000000 300.0000000 100000.0000000 35.7897643 34.8255679 34.8255271 571.4143000 0.0000000
0.2251871 0.0335103 1.0000000 300.0000000 100000.0000000 36.1620722 35.1945250 35.1944733 573.4637000 0.0000000
0.2266909 0.0335103 1.0000000 300.0000000 100000.0000000 36.5348178 35.5639431 35.5638846 575.5110000 0.0000000
0.2281894 0.0335103 1.0000000 300.0000000 100000.0000000 36.9079966 35.9338233 35.9337641 577.5561000 0.0000000
0.2296825 0.0335103 1.0000000 300.0000000 100000.0000000 37.2816087 36.3041735 36.3041066 579.5987000 0.0000000
0.2311703 0.0335103 1.0000000 300.0000000 100000.0000000 37.6556583 36.6749881 36.6749179 581.6386000 0.0000000
0.2326529 0.0335103 1.0000000 300.0000000 100000.0000000 38.0301506 37.0462698 37.0461965 583.6758000 0.0000000
0.2341305 0.0335103 1.0000000 300.0000000 100000.0000000 38.4050903 37.4180193 37.4179450 585.7100000 0.0000000
0.2356029 0.0335103 1.0000000 300.0000000 100000.0000000 38.7804800 37.7902398 37.7901668 587.7414000 0.0000000
0.2370704 0.0335103 1.0000000 300.0000000 100000.0000000 39.1563199 38.1629374 38.1628662 589.7698000 0.0000000
0.2385331 0.0335103 1.0000000 300.0000000 100000.0000000 39.5326137 38.5361143 38.5360487 591.7953000 0.0000000
0.2399909 0.0335103 1.0000000 300.0000000 100000.0000000 39.9093646 38.9097777 38.9097152 593.8181000 0.0000000
0.2414441 0.0335103 1.0000000 300.0000000 100000.0000000 40.2865756 39.2839310 39.2838691 595.8381000 0.0000000
0.2428927 0.0335103 1.0000000 300.0000000 100000.0000000 40.6642465 39.6585781 39.6585142 597.8557000 0.0000000
0.2443367 0.0335103 1.0000000 300.0000000 100000.0000000 41.0423727 40.0337232 40.0336564 599.8710000 0.0000000
0.2457764 0.0335103 1.0000000 300.0000000 100000.0000000 41.4209544 40.4093648 40.4092986 601.8842000 0.0000000
0.2472116 0.0335103 1.0000000 300.0000000 100000.0000000 41.7999884 40.7855056 40.7854396 603.8956000 0.0000000
0.2486426 0.0335103 1.0000000 300.0000000 100000.0000000 42.1794707 41.1621454 41.1620775 605.9055000 0.0000000
0.2500694 0.0335103 1.0000000 300.0000000 100000.0000000 42.5593952 41.5392819 41.5392103 607.9140000 0.0000000
0.2514921 0.0335103 1.0000000 300.0000000 100000.0000000 42.9397533 41.9169120 41.9168345 609.9216000 0.0000000
0.2529106 0.0335103 1.0000000 300.0000000 100000.0000000 43.3205306 42.2950282 42.2949520 611.9284000 0.0000000
0.2543251 0.0335103 1.0000000 300.0000000 100000.0000000 43.7017169 42.6736235 42.6735541 613.9347000 0.0000000
0.2557356 0.0335103 1.0000000 300.0000000 100000.0000000 44.0832929 43.0526973 43.0526317 615.9409000 0.0000001
0.2571421 0.0335103 1.0000000 300.0000000 100000.0000000 44.4652451 43.4322378 43.4321775 617.9471000 0.0000000
0.2585447 0.0335103 1.0000000 300.0000000 100000.0000000 44.8475615 43.8122369 43.8121765 619.9536000 0.0000000
0.2599432 0.0335103 1.0000000 300.0000000 100000.0000000 45.2302312 44.1926777 44.1926204 621.9605000 0.0000000
0.2613379 0.0335103 1.0000000 300.0000000 100000.0000000 45.6132401 44.5735504 44.5734961 623.9680000 0.0000000
0.2627286 0.0335103 1.0000000 300.0000000 100000.0000000 45.9965768 44.9548417 44.9547916 625.9762000 -0.0000001
0.2641155 0.0335103 1.0000000 300.0000000 100000.0000000 46.3802341 45.3365376 45.3364922 627.9852000 0.0000000
0.2654984 0.0335103 1.0000000 300.0000000 100000.0000000 46.7642059 45.7186229 45.7185836 629.9951000 0.0000001
0.2668774 0.0335103 1.0000000 300.0000000 100000.0000000 47.1484753 46.1010882 46.1010570 632.0060000 0.0000000
0.2682525 0.0335103 1.0000000 300.0000000 100000.0000000 47.5330192 46.4839303 46.4839055 634.0179000 0.0000000
0.2696238 0.0335103 1.0000000 300.0000000 100000.0000000 47.9178246 46.8671418 46.8671168 636.0308000 0.0000000
0.2709911 0.0335103 1.0000000 300.0000000 100000.0000000 48.3028835 47.2507064 47.2506848 638.0448000 0.0000001
0.2723546 0.0335103 1.0000000 300.0000000 100000.0000000 48.6881935 47.6346136 47.6345925 640.0600000 0.0000000
0.2737142 0.0335103 1.0000000 300.0000000 100000.0000000 49.0737428 48.0188513 48.0188349 642.0763000 0.0000000
0.2750700 0.0335103 1.0000000 300.0000000 100000.0000000 49.4595224 48.4034093 48.4034020 644.0940000 0.0000000
0.2764220 0.0335103 1.0000000 300.0000000 100000.0000000 49.8455192 48.7882826 48.7882822 646.1130000 0.0000000
0.2777701 0.0335103 1.0000000 300.0000000 100000.0000000 50.2317215 49.1734620 49.1734662 648.1336000 0.0000000
0.2791144 0.0335103 1.0000000 300.0000000 100000.0000000 50.6181267 49.5589326 49.5589401 650.1558000 0.0000000
0.2804550 0.0335103 1.0000000 300.0000000 100000.0000000 51.0047089 49.9446959 49.9446951 652.1800000 0.0000000
0.2817919 0.0335103 1.0000000 300.0000000 100000.0000000 51.3914372 50.3307410 50.3307393 654.2062000 -0.0000001
0.2831250 0.0335103 1.0000000 300.0000000 100000.0000000 51.7783068 50.7170526 50.7170570 656.2348000 0.0000000
0.2844545 0.0335103 1.0000000 300.0000000 100000.0000000 52.1653037 51.1036216 51.1036324 658.2660000 0.0000000
0.2857803 0.0335103 1.0000000 300.0000000 100000.0000000 52.5524051 51.4904401 51.4904536 660.3001000 0.0000000
0.2871026 0.0335103 1.0000000 300.0000000 100000.0000000 52.9396006 51.8774889 51.8775032 662.3375000 0.0000000
0.2884213 0.0335103 1.0000000 300.0000000 100000.0000000 53.3268505 52.2647624 52.2647737 664.3786000 0.0000000
0.2897364 0.0335103 1.0000000 300.0000000 100000.0000000 53.7141094 52.6522506 52.6522629 666.4239000 0.0000000
0.2910481 0.0335103 1.0000000 300.0000000 100000.0000000 54.1013695 53.0399235 53.0399415 668.4740000 0.0000000
0.2923563 0.0335103 1.0000000 300.0000000 100000.0000000 54.4885781 53.4277751 53.4277941 670.5296000 0.0000000
0.2936611 0.0335103 1.0000000 300.0000000 100000.0000000 54.8757117 53.8157768 53.8157883 672.5913000 0.0000000
0.2949626 0.0335103 1.0000000 300.0000000 100000.0000000 55.2626945 54.2039094 54.2039225 674.6602000 0.0000000
0.2962607 0.0335103 1.0000000 300.0000000 100000.0000000 55.6494926 54.5921383 54.5921539 676.7372000 0.0000000
0.2975556 0.0335103 1.0000000 300.0000000 100000.0000000 56.0360280 54.9804372 54.9804588 678.8235000 0.0000000
0.2988471 0.0335103 1.0000000 300.0000000 100000.0000000 56.4222792 55.3687438 55.3687705 680.9205000 0.0000000
0.3001355 0.0335103 1.0000000 300.0000000 100000.0000000 56.8081420 55.7570181 55.7570511 683.0299000 0.0000000
0.3014207 0.0335103 1.0000000 300.0000000 100000.0000000 57.1934753 56.1452215 56.1452597 685.1539000 0.0000000
0.3027027 0.0335103 1.0000000 300.0000000 100000.0000000 57.5780841 56.5333178 56.5333597 687.2950000 0.0000000
0.3039816 0.0335103 1.0000000 300.0000000 100000.0000000 57.9618347 56.9212085 56.9212544 689.4563000 0.0000000
0.3052574 0.0335103 1.0000000 300.0000000 100000.0000000 58.3446021 57.3087489 57.3087950 691.6415000 0.0000000
0.3065301 0.0335103 1.0000000 300.0000000 100000.0000000 58.7261264 57.6957869 57.6958381 693.8555000 0.0000000
0.3077998 0.0335103 1.0000000 300.0000000 100000.0000000 59.1060161 58.0821349 58.0821953 696.1047000 0.0000000
0.3090664 0.0335103 1.0000000 300.0000000 100000.0000000 59.4837720 58.4674751 58.4675541 698.3972000 0.0000000
0.3103301 0.0335103 1.0000000 300.0000000 100000.0000000 59.8587693 58.8511992 58.8512779 700.7432000 0.0000000
0.3115908 0.0335103 1.0000000 300.0000000 100000.0000000 60.2297225 59.2320936 59.2321740 703.1498000 0.0000000
0.3128484 0.0335103 1.0000000 300.0000000 100000.0000000 60.5933299 59.6072694 59.6073644 705.5940000 0.0000000
0.3141032 0.0335103 1.0000000 300.0000000 100000.0000000 60.9575015 59.9826040 59.9827131 708.1095000 0.0000000
0.3153550 0.0335103 1.0000000 300.0000000 100000.0000000 61.3155060 60.3532454 60.3533537 710.6748000 0.0000000
0.3166039 0.0335103 1.0000000 300.0000000 100000.0000000 61.6641163 60.7151655 60.7152846 713.2590000 0.0000000
0.3178499 0.0335103 1.0000000 300.0000000 100000.0000000 62.0056026 61.0683022 61.0684870 715.7884000 0.0000001
0.3190931 0.0335103 1.0000000 300.0000000 100000.0000000 62.3589259 61.4303802 61.4306327 718.3272000 0.0000000
0.3203334 0.0335103 1.0000000 300.0000000 100000.0000000 62.7187232 61.7977306 61.7978939 720.8490000 0.0000000
0.3215708 0.0335103 1.0000000 300.0000000 100000.0000000 63.0862527 62.1706461 62.1707777 723.3636000 0.0000000
0.3228054 0.0335103 1.0000000 300.0000000 100000.0000000 63.4535352 62.5453762 62.5455389 725.8618000 0.0000000
0.3240371 0.0335103 1.0000000 300.0000000 100000.0000000 63.8273641 62.9249149 62.9251452 728.3899000 0.0000000
0.3252661 0.0335103 1.0000000 300.0000000 100000.0000000 64.1981620 63.3031197 63.3031162 730.9404000 0.0000000
0.3264923 0.0335103 1.0000000 300.0000000 100000.0000000 64.5567577 63.6707131 63.6707091 733.4403000 0.0000000
0.3277157 0.0335103 1.0000000 300.0000000 100000.0000000 64.9293063 64.0440780 64.0441801 735.9624000 0.0000000
0.3289363 0.0335103 1.0000000 300.0000000 100000.0000000 65.3021465 64.4202188 64.4202474 738.5203000 0.0000000
0.3301542 0.0335103 1.0000000 300.0000000 100000.0000000 65.6765924 64.7972103 64.7972442 741.1186000 0.0000000
0.3313695 0.0335103 1.0000000 300.0000000 100000.0000000 66.0485637 65.1749079 65.1750011 743.7875000 0.0000000
0.3325820 0.0335103 1.0000000 300.0000000 100000.0000000 66.4102798 65.5460793 65.5463322 746.5006000 0.0000000
0.3337920 0.0335103 1.0000000 300.0000000 100000.0000000 66.7697529 65.9163863 65.9167356 749.3103000 0.0000000
0.3349993 0.0335103 1.0000000 300.0000000 100000.0000000 67.1219358 66.2841761 66.2845200 752.2501000 0.0000001
0.3362042 0.0335103 1.0000000 300.0000000 100000.0000000 67.4553438 66.6361144 66.6364172 755.2611000 0.0000000
0.3374065 0.0335103 1.0000000 300.0000000 100000.0000000 67.7667885 66.9656594 66.9659245 758.2269000 0.0000000
0.3386063 0.0335103 1.0000000 300.0000000 100000.0000000 68.0945047 67.3057780 67.3059399 761.3078000 0.0000000
0.3398036 0.0335103 1.0000000 300.0000000 100000.0000000 68.4223937 67.6505591 67.6507489 764.4276000 0.0000000