0.0000271 0.2064918 1.0000000 300.0000000 100000.0000000 0.0000000 0.0000000 0.0000000 300.0000000 0.2181667
0.0027033 0.2064918 1.0000000 300.0000000 100000.0000000 0.3996526 0.2444199 0.2444199 301.9575000 0.2180670
0.0053871 0.2064918 1.0000000 300.0000000 100000.0000000 0.7884754 0.4739885 0.4739885 303.9062000 0.2177987
0.0080516 0.2064918 1.0000000 300.0000000 100000.0000000 1.1535321 0.6842131 0.6842119 305.8146000 0.2173648
0.0106962 0.2064918 1.0000000 300.0000000 100000.0000000 1.4428130 0.9000094 0.9000031 307.6760000 0.2167729
0.0133208 0.2064918 1.0000000 300.0000000 100000.0000000 1.6492616 1.1214552 1.1214491 309.4379000 0.2160172
0.0159255 0.2064918 1.0000000 300.0000000 100000.0000000 1.8326163 1.3178737 1.3178672 311.1001000 0.2150950
0.0185106 0.2064918 1.0000000 300.0000000 100000.0000000 1.9872484 1.4920415 1.4920331 312.6762000 0.2140044
0.0210769 0.2064918 1.0000000 300.0000000 100000.0000000 2.1150895 1.6436889 1.6436778 314.1782000 0.2127500
0.0236256 0.2064918 1.0000000 300.0000000 100000.0000000 2.2191821 1.7726859 1.7726712 315.6192000 0.2111910
0.0261578 0.2064918 1.0000000 300.0000000 100000.0000000 2.3022334 1.8792179 1.8792004 317.0101000 0.2096282
0.0286756 0.2064918 1.0000000 300.0000000 100000.0000000 2.3644998 1.9645309 1.9645116 318.3597000 0.2079210
0.0311812 0.2064918 1.0000000 300.0000000 100000.0000000 2.4070102 2.0297864 2.0297635 319.6770000 0.2059754
0.0336775 0.2064918 1.0000000 300.0000000 100000.0000000 2.4315372 2.0761922 2.0761644 320.9712000 0.2039438
0.0361677 0.2064918 1.0000000 300.0000000 100000.0000000 2.4400825 2.1050700 2.1050382 322.2517000 0.2017335
0.0386554 0.2064918 1.0000000 300.0000000 100000.0000000 2.4339190 2.1180581 2.1180215 323.5276000 0.1990132
0.0411444 0.2064918 1.0000000 300.0000000 100000.0000000 2.4149444 2.1163355 2.1162954 324.8070000 0.1965646
0.0436388 0.2064918 1.0000000 300.0000000 100000.0000000 2.3843025 2.1013143 2.1012694 326.0965000 0.1939999
0.0461395 0.2064918 1.0000000 300.0000000 100000.0000000 2.3434825 2.0743361 2.0742881 327.4003000 0.1914233
0.0486458 0.2064918 1.0000000 300.0000000 100000.0000000 2.2940017 2.0369304 2.0368791 328.7198000 0.1886414
0.0511566 0.2064918 1.0000000 300.0000000 100000.0000000 2.2373336 1.9908703 1.9908174 330.0551000 0.1856691
0.0536719 0.2064918 1.0000000 300.0000000 100000.0000000 2.1750345 1.9379428 1.9378841 331.4069000 0.1828050
0.0561926 0.2064918 1.0000000 300.0000000 100000.0000000 2.1087950 1.8798663 1.8798035 332.7750000 0.1798658
0.0587115 0.2064918 1.0000000 300.0000000 100000.0000000 2.0404473 1.8185483 1.8184823 334.1551000 0.1767754
0.0612254 0.2064918 1.0000000 300.0000000 100000.0000000 1.9716881 1.7556740 1.7556072 335.5447000 0.1737313
0.0637359 0.2064918 1.0000000 300.0000000 100000.0000000 1.9036925 1.6928641 1.6927994 336.9441000 0.1705971
0.0662448 0.2064918 1.0000000 300.0000000 100000.0000000 1.8377450 1.6315055 1.6314379 338.3546000 0.1673320
0.0687539 0.2064918 1.0000000 300.0000000 100000.0000000 1.7749610 1.5728644 1.5727874 339.7780000 0.1641984
0.0712649 0.2064918 1.0000000 300.0000000 100000.0000000 1.7163225 1.5180238 1.5179391 341.2163000 0.1610499
0.0737794 0.2064918 1.0000000 300.0000000 100000.0000000 1.6627299 1.4678251 1.4677400 342.6699000 0.1578941
0.0762984 0.2064918 1.0000000 300.0000000 100000.0000000 1.6146305 1.4230861 1.4229989 344.1391000 0.1547387
0.0788225 0.2064918 1.0000000 300.0000000 100000.0000000 1.5728007 1.3842166 1.3841251 345.6239000 0.1512762
0.0813435 0.2064918 1.0000000 300.0000000 100000.0000000 1.5379110 1.3516191 1.3515204 347.1194000 0.1479649
0.0838589 0.2064918 1.0000000 300.0000000 100000.0000000 1.5100219 1.3255319 1.3254341 348.6243000 0.1446992
0.0863682 0.2064918 1.0000000 300.0000000 100000.0000000 1.4893051 1.3059954 1.3059030 350.1399000 0.1415539
0.0888715 0.2064918 1.0000000 300.0000000 100000.0000000 1.4757253 1.2930468 1.2929640 351.6669000 0.1384251
0.0913686 0.2064918 1.0000000 300.0000000 100000.0000000 1.4691352 1.2866902 1.2866293 353.2058000 0.1351056
0.0938596 0.2064918 1.0000000 300.0000000 100000.0000000 1.4695109 1.2869157 1.2868500 354.7567000 0.1318627
0.0963443 0.2064918 1.0000000 300.0000000 100000.0000000 1.4768223 1.2937569 1.2937087 356.3203000 0.1287990
0.0988230 0.2064918 1.0000000 300.0000000 100000.0000000 1.4910071 1.3072815 1.3072412 357.8976000 0.1253762
0.1012954 0.2064918 1.0000000 300.0000000 100000.0000000 1.5120845 1.3273451 1.3273135 359.4893000 0.1226018
0.1037617 0.2064918 1.0000000 300.0000000 100000.0000000 1.5396721 1.3536607 1.3536402 361.0948000 0.1192982
0.1062219 0.2064918 1.0000000 300.0000000 100000.0000000 1.5731339 1.3856339 1.3856153 362.7116000 0.1165117
0.1086758 0.2064918 1.0000000 300.0000000 100000.0000000 1.6119385 1.4227922 1.4227940 364.3384000 0.1138083
0.1111235 0.2064918 1.0000000 300.0000000 100000.0000000 1.6556350 1.4648054 1.4648005 365.9757000 0.1108845
0.1135650 0.2064918 1.0000000 300.0000000 100000.0000000 1.7040442 1.5112232 1.5111933 367.6241000 0.1082377
0.1160004 0.2064918 1.0000000 300.0000000 100000.0000000 1.7566158 1.5617558 1.5617410 369.2839000 0.1053372
0.1184296 0.2064918 1.0000000 300.0000000 100000.0000000 1.8130187 1.6159838 1.6159943 370.9553000 0.1028861
0.1208529 0.2064918 1.0000000 300.0000000 100000.0000000 1.8728547 1.6735391 1.6735701 372.6386000 0.0997364
0.1232700 0.2064918 1.0000000 300.0000000 100000.0000000 1.9357127 1.7340825 1.7341245 374.3340000 0.0972634
0.1256811 0.2064918 1.0000000 300.0000000 100000.0000000 2.0011898 1.7972873 1.7973414 376.0418000 0.0947431
0.1280861 0.2064918 1.0000000 300.0000000 100000.0000000 2.0689095 1.8628734 1.8629376 377.7621000 0.0920302
0.1304847 0.2064918 1.0000000 300.0000000 100000.0000000 2.1385598 1.9305566 1.9306125 379.4948000 0.0895970
0.1328770 0.2064918 1.0000000 300.0000000 100000.0000000 2.2099402 2.0001079 2.0001592 381.2401000 0.0869647
0.1352627 0.2064918 1.0000000 300.0000000 100000.0000000 2.2829130 2.0714057 2.0714716 382.9986000 0.0843306
0.1376418 0.2064918 1.0000000 300.0000000 100000.0000000 2.3574209 2.1443935 2.1444723 384.7717000 0.0820855
0.1400140 0.2064918 1.0000000 300.0000000 100000.0000000 2.4335115 2.2190183 2.2191143 386.5612000 0.0798642
0.1423794 0.2064918 1.0000000 300.0000000 100000.0000000 2.5111466 2.2952832 2.2953820 388.3692000 0.0774873
0.1447380 0.2064918 1.0000000 300.0000000 100000.0000000 2.5902882 2.3731444 2.3732389 390.1977000 0.0751868
0.1470897 0.2064918 1.0000000 300.0000000 100000.0000000 2.6708808 2.4525243 2.4526099 392.0481000 0.0729464
0.1494346 0.2064918 1.0000000 300.0000000 100000.0000000 2.7528199 2.5332738 2.5333432 393.9206000 0.0707756
0.1517727 0.2064918 1.0000000 300.0000000 100000.0000000 2.8358853 2.6152210 2.6152911 395.8144000 0.0684683
0.1541042 0.2064918 1.0000000 300.0000000 100000.0000000 2.9199409 2.6982359 2.6983051 397.7283000 0.0660197
0.1564290 0.2064918 1.0000000 300.0000000 100000.0000000 3.0049136 2.7822266 2.7822861 399.6617000 0.0636720
0.1587474 0.2064918 1.0000000 300.0000000 100000.0000000 3.0907835 2.8671823 2.8672361 401.6148000 0.0615609
0.1610594 0.2064918 1.0000000 300.0000000 100000.0000000 3.1775561 2.9531430 2.9531995 403.5876000 0.0593274
0.1633651 0.2064918 1.0000000 300.0000000 100000.0000000 3.2652546 3.0401347 3.0402048 405.5807000 0.0571162
0.1656647 0.2064918 1.0000000 300.0000000 100000.0000000 3.3539488 3.1281825 3.1282706 407.5955000 0.0545300
0.1679581 0.2064918 1.0000000 300.0000000 100000.0000000 3.4437097 3.2173088 3.2174055 409.6332000 0.0523924
0.1702457 0.2064918 1.0000000 300.0000000 100000.0000000 3.5345552 3.3075208 3.3076193 411.6950000 0.0502232
0.1725275 0.2064918 1.0000000 300.0000000 100000.0000000 3.6265066 3.3988709 3.3989710 413.7824000 0.0478215
0.1748035 0.2064918 1.0000000 300.0000000 100000.0000000 3.7196397 3.4914144 3.4915514 415.8986000 0.0456417
0.1770741 0.2064918 1.0000000 300.0000000 100000.0000000 3.8140561 3.5852905 3.5854444 418.0477000 0.0434374
0.1793392 0.2064918 1.0000000 300.0000000 100000.0000000 3.9098739 3.6805782 3.6807452 420.2321000 0.0409058
0.1815990 0.2064918 1.0000000 300.0000000 100000.0000000 4.0071827 3.7773169 3.7774821 422.4524000 0.0387308
0.1838536 0.2064918 1.0000000 300.0000000 100000.0000000 4.1058999 3.8754477 3.8756052 424.7077000 0.0365570
0.1860967 0.2064918 1.0000000 300.0000000 100000.0000000 4.2057550 3.9746792 3.9748343 426.9927000 0.0342840
0.1883230 0.2064918 1.0000000 300.0000000 100000.0000000 4.3065942 4.0748821 4.0750293 429.3066000 0.0310516
0.1905353 0.2064918 1.0000000 300.0000000 100000.0000000 4.4087531 4.1764666 4.1766436 431.6596000 0.0290113
0.1927365 0.2064918 1.0000000 300.0000000 100000.0000000 4.5127398 4.2799078 4.2800639 434.0602000 0.0268571
0.1949292 0.2064918 1.0000000 300.0000000 100000.0000000 4.6189975 4.3855800 4.3857392 436.5148000 0.0246231
0.1971158 0.2064918 1.0000000 300.0000000 100000.0000000 4.7280587 4.4940022 4.4941716 439.0301000 0.0222384
0.1992989 0.2064918 1.0000000 300.0000000 100000.0000000 4.8405537 4.6058195 4.6059941 441.6154000 0.0202518
0.2014817 0.2064918 1.0000000 300.0000000 100000.0000000 4.9572494 4.7217439 4.7219015 444.2792000 0.0185088
0.2036681 0.2064918 1.0000000 300.0000000 100000.0000000 5.0789818 4.8425545 4.8427208 447.0337000 0.0166586
0.2058504 0.2064918 1.0000000 300.0000000 100000.0000000 5.2062142 4.9686986 4.9688689 449.8836000 0.0151063
0.2080249 0.2064918 1.0000000 300.0000000 100000.0000000 5.3390195 5.1002481 5.1004326 452.8051000 0.0135577
0.2101917 0.2064918 1.0000000 300.0000000 100000.0000000 5.4770777 5.2369178 5.2371301 455.7784000 0.0123051
0.2123508 0.2064918 1.0000000 300.0000000 100000.0000000 5.6202091 5.3783810 5.3786466 458.7907000 0.0101884
0.2145022 0.2064918 1.0000000 300.0000000 100000.0000000 5.7683695 5.5246338 5.5249215 461.8379000 0.0082626
0.2166458 0.2064918 1.0000000 300.0000000 100000.0000000 5.9216541 5.6757719 5.6760750 464.9210000 0.0069623
0.2187819 0.2064918 1.0000000 300.0000000 100000.0000000 6.0806295 5.8324170 5.8326418 468.0704000 0.0061694
0.2209103 0.2064918 1.0000000 300.0000000 100000.0000000 6.2468362 5.9960503 5.9962027 471.4091000 0.0052281
0.2230312 0.2064918 1.0000000 300.0000000 100000.0000000 6.4215183 6.1678962 6.1680016 474.9691000 0.0043821
0.2251445 0.2064918 1.0000000 300.0000000 100000.0000000 6.6080771 6.3512267 6.3512583 478.8061000 0.0033820
0.2272504 0.2064918 1.0000000 300.0000000 100000.0000000 6.8016731 6.5411632 6.5411387 482.6364000 0.0027514
0.2293489 0.2064918 1.0000000 300.0000000 100000.0000000 6.9993224 6.7346231 6.7345848 486.2468000 0.0019495
0.2314400 0.2064918 1.0000000 300.0000000 100000.0000000 7.2050666 6.9356005 6.9355417 489.8546000 0.0011698
0.2335238 0.2064918 1.0000000 300.0000000 100000.0000000 7.4212178 7.1462892 7.1462711 493.6367000 0.0000000
0.2356004 0.2064918 1.0000000 300.0000000 100000.0000000 7.6491429 7.3679786 7.3679595 497.3885000 0.0000000
0.2376698 0.2064918 1.0000000 300.0000000 100000.0000000 7.8869931 7.5985101 7.5985175 500.9932000 0.0000000
0.2397320 0.2064918 1.0000000 300.0000000 100000.0000000 8.1330413 7.8359759 7.8359857 504.3910000 0.0000000
0.2417872 0.2064918 1.0000000 300.0000000 100000.0000000 8.3865531 8.0794068 8.0794048 507.6196000 0.0000000
0.2438352 0.2064918 1.0000000 300.0000000 100000.0000000 8.6470038 8.3283274 8.3283414 510.7148000 0.0000000
0.2458761 0.2064918 1.0000000 300.0000000 100000.0000000 8.9138615 8.5822900 8.5823202 513.6863000 0.0000000
0.2479099 0.2064918 1.0000000 300.0000000 100000.0000000 9.1866226 8.8403691 8.8404746 516.5379000 0.0000000
0.2499365 0.2064918 1.0000000 300.0000000 100000.0000000 9.4645910 9.1018327 9.1020110 519.2866000 0.0000000
0.2519560 0.2064918 1.0000000 300.0000000 100000.0000000 9.7467872 9.3662836 9.3664794 521.9542000 0.0000000
0.2539684 0.2064918 1.0000000 300.0000000 100000.0000000 10.0324064 9.6333429 9.6336186 524.5585000 0.0000000
0.2559736 0.2064918 1.0000000 300.0000000 100000.0000000 10.3207929 9.9027602 9.9030532 527.1146000 0.0000000
0.2579719 0.2064918 1.0000000 300.0000000 100000.0000000 10.6109343 10.1745309 10.1747696 529.6421000 0.0000000
0.2599633 0.2064918 1.0000000 300.0000000 100000.0000000 10.9018078 10.4488269 10.4490474 532.1653000 0.0000000
0.2619479 0.2064918 1.0000000 300.0000000 100000.0000000 11.1930314 10.7254541 10.7256178 534.6728000 0.0000000
0.2639257 0.2064918 1.0000000 300.0000000 100000.0000000 11.4844720 11.0041327 11.0042340 537.1719000 0.0000000
0.2658968 0.2064918 1.0000000 300.0000000 100000.0000000 11.7759065 11.2847337 11.2848182 539.6696000 0.0000000
0.2678613 0.2064918 1.0000000 300.0000000 100000.0000000 12.0675281 11.5670360 11.5671538 542.1703000 0.0000000
0.2698192 0.2064918 1.0000000 300.0000000 100000.0000000 12.3595400 11.8509176 11.8510526 544.6772000 0.0000000
0.2717707 0.2064918 1.0000000 300.0000000 100000.0000000 12.6520174 12.1363118 12.1365133 547.1921000 0.0000000
0.2737157 0.2064918 1.0000000 300.0000000 100000.0000000 12.9450709 12.4232478 12.4234480 549.7163000 0.0000000
0.2756544 0.2064918 1.0000000 300.0000000 100000.0000000 13.2387180 12.7117161 12.7119130 552.2510000 0.0000000
0.2775870 0.2064918 1.0000000 300.0000000 100000.0000000 13.5331360 13.0016702 13.0018611 554.7973000 0.0000000
0.2795135 0.2064918 1.0000000 300.0000000 100000.0000000 13.8284707 13.2930917 13.2932618 557.3564000 0.0000000
0.2814342 0.2064918 1.0000000 300.0000000 100000.0000000 14.1248285 13.5859792 13.5861229 559.9295000 0.0000000
0.2833474 0.2064918 1.0000000 300.0000000 100000.0000000 14.4221008 13.8800388 13.8801691 562.5153000 0.0000001
0.2852521 0.2064918 1.0000000 300.0000000 100000.0000000 14.7201838 14.1751350 14.1752456 565.1132000 0.0000000
0.2871486 0.2064918 1.0000000 300.0000000 100000.0000000 15.0191482 14.4713066 14.4714050 567.7238000 0.0000000
0.2890374 0.2064918 1.0000000 300.0000000 100000.0000000 15.3190598 14.7686318 14.7686753 570.3478000 0.0000000
0.2909186 0.2064918 1.0000000 300.0000000 100000.0000000 15.6199876 15.0671505 15.0671352 572.9855000 0.0000000
0.2927925 0.2064918 1.0000000 300.0000000 100000.0000000 15.9220064 15.3669065 15.3668699 575.6371000 0.0000000
0.2946596 0.2064918 1.0000000 300.0000000 100000.0000000 16.2251935 15.6679840 15.6679366 578.3022000 0.0000000
0.2965199 0.2064918 1.0000000 300.0000000 100000.0000000 16.5296034 15.9704528 15.9704085 580.9803000 0.0000000
0.2983739 0.2064918 1.0000000 300.0000000 100000.0000000 16.8352851 16.2743745 16.2743340 583.6703000 0.0000000
0.3002216 0.2064918 1.0000000 300.0000000 100000.0000000 17.1423157 16.5797687 16.5797295 586.3709000 0.0000000
0.3020634 0.2064918 1.0000000 300.0000000 100000.0000000 17.4507147 16.8866552 16.8866052 589.0804000 0.0000000
0.3038991 0.2064918 1.0000000 300.0000000 100000.0000000 17.7604737 17.1950128 17.1949585 591.7968000 0.0000000
0.3057282 0.2064918 1.0000000 300.0000000 100000.0000000 18.0714519 17.5046816 17.5046510 594.5170000 0.0000000
0.3075465 0.2064918 1.0000000 300.0000000 100000.0000000 18.3829697 17.8149681 17.8149874 597.2329000 0.0000000
0.3093528 0.2064918 1.0000000 300.0000000 100000.0000000 18.6948108 18.1256357 18.1256895 599.9406000 0.0000000
0.3111472 0.2064918 1.0000000 300.0000000 100000.0000000 19.0069298 18.4365906 18.4366341 602.6379000 0.0000000
0.3129293 0.2064918 1.0000000 300.0000000 100000.0000000 19.3192413 18.7477055 18.7477342 605.3228000 0.0000000
0.3146989 0.2064918 1.0000000 300.0000000 100000.0000000 19.6316161 19.0588720 19.0588819 607.9933000 0.0000000
0.3164558 0.2064918 1.0000000 300.0000000 100000.0000000 19.9439428 19.3699478 19.3699346 610.6479000 0.0000000
0.3181995 0.2064918 1.0000000 300.0000000 100000.0000000 20.2560779 19.6807813 19.6807353 613.2850000 0.0000000
0.3199296 0.2064918 1.0000000 300.0000000 100000.0000000 20.5678828 19.9911765 19.9911274 615.9039000 0.0000000
0.3216455 0.2064918 1.0000000 300.0000000 100000.0000000 20.8791446 20.3009793 20.3009399 618.5038000 0.0000000
0.3233466 0.2064918 1.0000000 300.0000000 100000.0000000 21.1896460 20.6100176 20.6099616 621.0846000 0.0000000
0.3250325 0.2064918 1.0000000 300.0000000 100000.0000000 21.4991308 20.9180544 20.9179948 623.6465000 0.0000000
0.3267023 0.2064918 1.0000000 300.0000000 100000.0000000 21.8072450 21.2248560 21.2247909 626.1898000 0.0000000
0.3283557 0.2064918 1.0000000 300.0000000 100000.0000000 22.1137330 21.5300091 21.5299357 628.7141000 0.0000000
0.3299929 0.2064918 1.0000000 300.0000000 100000.0000000 22.4180422 21.8329842 21.8329130 631.2139000 0.0000000