0.0000271 0.0640000 1.2410000 300.0000000 100000.0000000 0.0000000 0.0000000 0.0000000 300.0000000 0.0549118
0.0027033 0.0640000 1.2410000 300.0000000 100000.0000000 0.4195926 0.2582352 0.2582352 302.0652000 0.0548780
0.0053871 0.0640000 1.2410000 300.0000000 100000.0000000 0.8444931 0.5151239 0.5151239 304.2104000 0.0547834
0.0080514 0.0640000 1.2410000 300.0000000 100000.0000000 1.2644450 0.7662013 0.7662013 306.3976000 0.0546285
0.0106958 0.0640000 1.2410000 300.0000000 100000.0000000 1.6272244 1.0361807 1.0361804 308.6138000 0.0544082
0.0133202 0.0640000 1.2410000 300.0000000 100000.0000000 1.9092070 1.3336333 1.3336329 310.7931000 0.0541112
0.0159247 0.0640000 1.2410000 300.0000000 100000.0000000 2.1910392 1.6176054 1.6176053 312.9283000 0.0537374
0.0185093 0.0640000 1.2410000 300.0000000 100000.0000000 2.4618052 1.8941022 1.8941015 315.0320000 0.0532918
0.0210743 0.0640000 1.2410000 300.0000000 100000.0000000 2.7225652 2.1629399 2.1629388 317.1122000 0.0527783
0.0236200 0.0640000 1.2410000 300.0000000 100000.0000000 2.9746970 2.4231560 2.4231541 319.1751000 0.0521945
0.0261467 0.0640000 1.2410000 300.0000000 100000.0000000 3.2173515 2.6742482 2.6742461 321.2237000 0.0515355
0.0286549 0.0640000 1.2410000 300.0000000 100000.0000000 3.4501811 2.9154331 2.9154307 323.2601000 0.0507955
0.0311451 0.0640000 1.2410000 300.0000000 100000.0000000 3.6724466 3.1467389 3.1467354 325.2884000 0.0499740
0.0336182 0.0640000 1.2410000 300.0000000 100000.0000000 3.8845651 3.3684142 3.3684103 327.3150000 0.0490726
0.0360750 0.0640000 1.2410000 300.0000000 100000.0000000 4.0870213 3.5809341 3.5809269 329.3461000 0.0480954
0.0385168 0.0640000 1.2410000 300.0000000 100000.0000000 4.2802894 3.7846484 3.7846461 331.3883000 0.0470456
0.0409447 0.0640000 1.2410000 300.0000000 100000.0000000 4.4645435 3.9798481 3.9798444 333.4463000 0.0459248
0.0433603 0.0640000 1.2410000 300.0000000 100000.0000000 4.6399676 4.1666577 4.1666544 335.5239000 0.0447334
0.0457650 0.0640000 1.2410000 300.0000000 100000.0000000 4.8069626 4.3450762 4.3450737 337.6236000 0.0434712
0.0481606 0.0640000 1.2410000 300.0000000 100000.0000000 4.9657419 4.5152848 4.5152788 339.7484000 0.0410299
0.0505462 0.0640000 1.2410000 300.0000000 100000.0000000 5.1165644 4.6773319 4.6773238 341.8998000 0.0389865
0.0529223 0.0640000 1.2410000 300.0000000 100000.0000000 5.2598004 4.8314216 4.8314143 344.0813000 0.0372083
0.0552938 0.0640000 1.2410000 300.0000000 100000.0000000 5.3960559 4.9783043 4.9783051 346.3075000 0.0315705
0.0576664 0.0640000 1.2410000 300.0000000 100000.0000000 5.5273395 5.1198826 5.1198900 348.6453000 0.0303631
0.0600383 0.0640000 1.2410000 300.0000000 100000.0000000 5.6577350 5.2601859 5.2601986 351.2039000 0.0291219
0.0624078 0.0640000 1.2410000 300.0000000 100000.0000000 5.7924013 5.4038018 5.4038076 354.0097000 0.0278398
0.0647609 0.0640000 1.2410000 300.0000000 100000.0000000 5.9329587 5.5525461 5.5525405 356.9584000 0.0265188
0.0670867 0.0640000 1.2410000 300.0000000 100000.0000000 6.0776105 5.7052144 5.7052169 359.9429000 0.0251654
0.0693711 0.0640000 1.2410000 300.0000000 100000.0000000 6.2239006 5.8584672 5.8584649 362.8863000 0.0237835
0.0716226 0.0640000 1.2410000 300.0000000 100000.0000000 6.3695466 6.0100089 6.0100092 365.7482000 0.0209083
0.0738577 0.0640000 1.2410000 300.0000000 100000.0000000 6.5124152 6.1580312 6.1580435 368.5298000 0.0185017
0.0760999 0.0640000 1.2410000 300.0000000 100000.0000000 6.6514576 6.3011445 6.3011712 371.2660000 0.0167234
0.0783525 0.0640000 1.2410000 300.0000000 100000.0000000 6.7888036 6.4407150 6.4407452 374.2657000 0.0149231
0.0805914 0.0640000 1.2410000 300.0000000 100000.0000000 6.9345449 6.5864446 6.5864979 377.8802000 0.0120381
0.0828229 0.0640000 1.2410000 300.0000000 100000.0000000 7.0915613 6.7423767 6.7424258 381.6501000 0.0082390
0.0850505 0.0640000 1.2410000 300.0000000 100000.0000000 7.2568323 6.9054293 6.9055056 385.2597000 0.0061900
0.0872483 0.0640000 1.2410000 300.0000000 100000.0000000 7.4269076 7.0726651 7.0727396 388.9045000 0.0052495
0.0894336 0.0640000 1.2410000 300.0000000 100000.0000000 7.6071187 7.2496330 7.2497331 392.9629000 0.0043910
0.0916153 0.0640000 1.2410000 300.0000000 100000.0000000 7.7976254 7.4364586 7.4365696 397.1638000 0.0036283
0.0937965 0.0640000 1.2410000 300.0000000 100000.0000000 7.9995072 7.6342631 7.6343682 401.4307000 0.0022185
0.0959832 0.0640000 1.2410000 300.0000000 100000.0000000 8.2156499 7.8460806 7.8461871 405.6771000 0.0010413
0.0981572 0.0640000 1.2410000 300.0000000 100000.0000000 8.4548232 8.0802920 8.0803919 411.1083000 0.0000000
0.1003210 0.0640000 1.2410000 300.0000000 100000.0000000 8.7196704 8.3395102 8.3396182 416.8236000 0.0000000
0.1023976 0.0640000 1.2410000 300.0000000 100000.0000000 8.9927859 8.6062340 8.6063678 421.5417000 0.0000000
0.1043821 0.0640000 1.2410000 300.0000000 100000.0000000 9.2668046 8.8730007 8.8731686 425.4547000 0.0000000
0.1063573 0.0640000 1.2410000 300.0000000 100000.0000000 9.5497790 9.1471244 9.1473278 428.8971000 0.0000000
0.1083338 0.0640000 1.2410000 300.0000000 100000.0000000 9.8424108 9.4284717 9.4287136 431.9713000 0.0000000
0.1103035 0.0640000 1.2410000 300.0000000 100000.0000000 10.1438385 9.7145622 9.7148193 434.7403000 0.0000000
0.1122782 0.0640000 1.2410000 300.0000000 100000.0000000 10.4563277 10.0063726 10.0065941 437.3759000 0.0000000
0.1142656 0.0640000 1.2410000 300.0000000 100000.0000000 10.7807162 10.3048575 10.3050058 439.8800000 0.0000000
0.1162695 0.0640000 1.2410000 300.0000000 100000.0000000 11.1159974 10.6097423 10.6098565 442.2253000 0.0000000
0.1182910 0.0640000 1.2410000 300.0000000 100000.0000000 11.4597489 10.9215305 10.9216161 444.5028000 0.0000000
0.1203175 0.0640000 1.2410000 300.0000000 100000.0000000 11.8066256 11.2392150 11.2392414 446.7417000 0.0000000
0.1223408 0.0640000 1.2410000 300.0000000 100000.0000000 12.1546290 11.5611593 11.5611563 448.9644000 0.0000000
0.1243641 0.0640000 1.2410000 300.0000000 100000.0000000 12.5038146 11.8873432 11.8873164 451.1940000 0.0000000
0.1263893 0.0640000 1.2410000 300.0000000 100000.0000000 12.8538250 12.2178323 12.2177986 453.4418000 0.0000000
0.1284140 0.0640000 1.2410000 300.0000000 100000.0000000 13.2036031 12.5521665 12.5520996 455.7102000 0.0000000
0.1304364 0.0640000 1.2410000 300.0000000 100000.0000000 13.5526334 12.8898665 12.8897809 457.9986000 0.0000000
0.1324567 0.0640000 1.2410000 300.0000000 100000.0000000 13.9019845 13.2301713 13.2300894 460.3067000 0.0000000
0.1344741 0.0640000 1.2410000 300.0000000 100000.0000000 14.2523674 13.5724600 13.5723882 462.6338000 0.0000000
0.1364879 0.0640000 1.2410000 300.0000000 100000.0000000 14.6038515 13.9163367 13.9162949 464.9784000 -0.0000001
0.1384966 0.0640000 1.2410000 300.0000000 100000.0000000 14.9561143 14.2615615 14.2615416 467.3388000 0.0000000
0.1404992 0.0640000 1.2410000 300.0000000 100000.0000000 15.3086163 14.6080197 14.6079998 469.7129000 0.0000000
0.1424946 0.0640000 1.2410000 300.0000000 100000.0000000 15.6612851 14.9554146 14.9553857 472.0987000 0.0000000
0.1444820 0.0640000 1.2410000 300.0000000 100000.0000000 16.0142383 15.3034384 15.3034190 474.4944000 0.0000000
0.1464607 0.0640000 1.2410000 300.0000000 100000.0000000 16.3674791 15.6519540 15.6519447 476.8982000 0.0000000
0.1484305 0.0640000 1.2410000 300.0000000 100000.0000000 16.7209700 16.0009154 16.0009116 479.3088000 0.0000000
0.1503909 0.0640000 1.2410000 300.0000000 100000.0000000 17.0747425 16.3503027 16.3503051 481.7247000 0.0000000
0.1523418 0.0640000 1.2410000 300.0000000 100000.0000000 17.4288462 16.7001436 16.7001428 484.1447000 0.0000000
0.1542831 0.0640000 1.2410000 300.0000000 100000.0000000 17.7833699 17.0504672 17.0504636 486.5674000 0.0000000
0.1562147 0.0640000 1.2410000 300.0000000 100000.0000000 18.1383621 17.4013373 17.4013493 488.9912000 0.0000000
0.1581366 0.0640000 1.2410000 300.0000000 100000.0000000 18.4938994 17.7528387 17.7528656 491.4143000 0.0000000
0.1600487 0.0640000 1.2410000 300.0000000 100000.0000000 18.8500771 18.1050511 18.1050760 493.8349000 0.0000000
0.1619512 0.0640000 1.2410000 300.0000000 100000.0000000 19.2069743 18.4580445 18.4580661 496.2513000 0.0000000
0.1638442 0.0640000 1.2410000 300.0000000 100000.0000000 19.5646844 18.8118803 18.8119010 498.6620000 0.0000000
0.1657278 0.0640000 1.2410000 300.0000000 100000.0000000 19.9232835 19.1666169 19.1666355 501.0654000 0.0000000
0.1676021 0.0640000 1.2410000 300.0000000 100000.0000000 20.2828639 19.5222846 19.5223024 503.4600000 0.0000000
0.1694675 0.0640000 1.2410000 300.0000000 100000.0000000 20.6434829 19.8789152 19.8789277 505.8447000 0.0000000
0.1713241 0.0640000 1.2410000 300.0000000 100000.0000000 21.0051871 20.2365188 20.2365266 508.2184000 0.0000000
0.1731723 0.0640000 1.2410000 300.0000000 100000.0000000 21.3679839 20.5951071 20.5951079 510.5803000 0.0000000
0.1750122 0.0640000 1.2410000 300.0000000 100000.0000000 21.7318701 20.9546785 20.9546681 512.9300000 0.0000000
0.1768441 0.0640000 1.2410000 300.0000000 100000.0000000 22.0968449 21.3152133 21.3151937 515.2674000 0.0000000
0.1786684 0.0640000 1.2410000 300.0000000 100000.0000000 22.4628972 21.6766929 21.6766705 517.5926000 0.0000000
0.1804853 0.0640000 1.2410000 300.0000000 100000.0000000 22.8299902 22.0391128 22.0390901 519.9062000 0.0000000
0.1822951 0.0640000 1.2410000 300.0000000 100000.0000000 23.1980752 22.4024709 22.4024557 522.2091000 0.0000000
0.1840979 0.0640000 1.2410000 300.0000000 100000.0000000 23.5671245 22.7667642 22.7667587 524.5022000 0.0000000
0.1858940 0.0640000 1.2410000 300.0000000 100000.0000000 23.9371188 23.1319912 23.1319924 526.7866000 0.0000000
0.1876836 0.0640000 1.2410000 300.0000000 100000.0000000 24.3080238 23.4981614 23.4981670 529.0635000 0.0000001
0.1894668 0.0640000 1.2410000 300.0000000 100000.0000000 24.6798144 23.8652832 23.8652922 531.3339000 0.0000000
0.1912439 0.0640000 1.2410000 300.0000000 100000.0000000 25.0525001 24.2333495 24.2333596 533.5990000 0.0000000
0.1930148 0.0640000 1.2410000 300.0000000 100000.0000000 25.4260773 24.6023578 24.6023700 535.8598000 0.0000000
0.1947798 0.0640000 1.2410000 300.0000000 100000.0000000 25.8005467 24.9722976 24.9723239 538.1171000 0.0000000
0.1965389 0.0640000 1.2410000 300.0000000 100000.0000000 26.1758998 25.3431758 25.3432051 540.3717000 0.0000000
0.1982923 0.0640000 1.2410000 300.0000000 100000.0000000 26.5521145 25.7149849 25.7150112 542.6243000 0.0000000
0.2000399 0.0640000 1.2410000 300.0000000 100000.0000000 26.9291613 26.0877110 26.0877360 544.8755000 0.0000000
0.2017819 0.0640000 1.2410000 300.0000000 100000.0000000 27.3070266 26.4613312 26.4613515 547.1258000 0.0000000
0.2035183 0.0640000 1.2410000 300.0000000 100000.0000000 27.6856831 26.8358209 26.8358319 549.3756000 0.0000000
0.2052492 0.0640000 1.2410000 300.0000000 100000.0000000 28.0650915 27.2111533 27.2111568 551.6255000 0.0000000
0.2069744 0.0640000 1.2410000 300.0000000 100000.0000000 28.4452309 27.5872955 27.5872883 553.8758000 0.0000000
0.2086941 0.0640000 1.2410000 300.0000000 100000.0000000 28.8260710 27.9642204 27.9641944 556.1269000 0.0000000
0.2104083 0.0640000 1.2410000 300.0000000 100000.0000000 29.2075670 28.3418964 28.3418721 558.3792000 0.0000000
0.2121169 0.0640000 1.2410000 300.0000000 100000.0000000 29.5897024 28.7203051 28.7202899 560.6331000 0.0000000
0.2138200 0.0640000 1.2410000 300.0000000 100000.0000000 29.9724636 29.0994341 29.0994216 562.8887000 0.0000000
0.2155176 0.0640000 1.2410000 300.0000000 100000.0000000 30.3558268 29.4792792 29.4792578 565.1462000 0.0000000
0.2172095 0.0640000 1.2410000 300.0000000 100000.0000000 30.7397785 29.8598295 29.8597984 567.4057000 0.0000000
0.2188959 0.0640000 1.2410000 300.0000000 100000.0000000 31.1243139 30.2410787 30.2410429 569.6673000 0.0000000
0.2205766 0.0640000 1.2410000 300.0000000 100000.0000000 31.5094424 30.6230265 30.6229801 571.9307000 0.0000000
0.2222517 0.0640000 1.2410000 300.0000000 100000.0000000 31.8951724 31.0056657 31.0056136 574.1957000 0.0000000
0.2239212 0.0640000 1.2410000 300.0000000 100000.0000000 32.2815089 31.3889994 31.3889453 576.4619000 0.0000000
0.2255851 0.0640000 1.2410000 300.0000000 100000.0000000 32.6684570 31.7730329 31.7729796 578.7291000 0.0000000
0.2272433 0.0640000 1.2410000 300.0000000 100000.0000000 33.0560410 32.1577633 32.1577125 580.9965000 0.0000000
0.2288959 0.0640000 1.2410000 300.0000000 100000.0000000 33.4442694 32.5431965 32.5431485 583.2638000 0.0000000
0.2305430 0.0640000 1.2410000 300.0000000 100000.0000000 33.8331556 32.9293288 32.9292962 585.5302000 0.0000000
0.2321845 0.0640000 1.2410000 300.0000000 100000.0000000 34.2227189 33.3161687 33.3161435 587.7954000 0.0000000
0.2338204 0.0640000 1.2410000 300.0000000 100000.0000000 34.6129715 33.7037128 33.7036952 590.0586000 0.0000000
0.2354510 0.0640000 1.2410000 300.0000000 100000.0000000 35.0039212 34.0919665 34.0919496 592.3195000 0.0000000
0.2370761 0.0640000 1.2410000 300.0000000 100000.0000000 35.3955786 34.4809235 34.4809105 594.5776000 0.0000000
0.2386960 0.0640000 1.2410000 300.0000000 100000.0000000 35.7879595 34.8705811 34.8705693 596.8326000 0.0000001
0.2403106 0.0640000 1.2410000 300.0000000 100000.0000000 36.1810706 35.2609348 35.2609249 599.0841000 0.0000000
0.2419200 0.0640000 1.2410000 300.0000000 100000.0000000 36.5748892 35.6519940 35.6519885 601.3319000 0.0000000
0.2435244 0.0640000 1.2410000 300.0000000 100000.0000000 36.9694248 36.0437520 36.0437521 603.5761000 0.0000000
0.2451238 0.0640000 1.2410000 300.0000000 100000.0000000 37.3646653 36.4362141 36.4362136 605.8166000 0.0000000
0.2467183 0.0640000 1.2410000 300.0000000 100000.0000000 37.7605960 36.8293826 36.8293724 608.0535000 0.0000000
0.2483079 0.0640000 1.2410000 300.0000000 100000.0000000 38.1572125 37.2232479 37.2232256 610.2870000 0.0000000
0.2498927 0.0640000 1.2410000 300.0000000 100000.0000000 38.5544977 37.6178070 37.6177722 612.5173000 0.0000000
0.2514729 0.0640000 1.2410000 300.0000000 100000.0000000 38.9524342 38.0130484 38.0130149 614.7447000 0.0000000
0.2530484 0.0640000 1.2410000 300.0000000 100000.0000000 39.3510042 38.4089720 38.4089417 616.9697000 0.0000000
0.2546194 0.0640000 1.2410000 300.0000000 100000.0000000 39.7501810 38.8055789 38.8055427 619.1927000 0.0000000
0.2561858 0.0640000 1.2410000 300.0000000 100000.0000000 40.1499442 39.2028538 39.2028140 621.4140000 0.0000000
0.2577478 0.0640000 1.2410000 300.0000000 100000.0000000 40.5502899 39.6007779 39.6007330 623.6343000 0.0000000
0.2593054 0.0640000 1.2410000 300.0000000 100000.0000000 40.9511872 39.9993380 39.9992946 625.8539000 0.0000000
0.2608586 0.0640000 1.2410000 300.0000000 100000.0000000 41.3526122 40.3985220 40.3984827 628.0733000 0.0000000
0.2624074 0.0640000 1.2410000 300.0000000 100000.0000000 41.7545477 40.7983125 40.7982779 630.2930000 -0.0000001
0.2639519 0.0640000 1.2410000 300.0000000 100000.0000000 42.1569715 41.1986934 41.1986633 632.5133000 0.0000000
0.2654921 0.0640000 1.2410000 300.0000000 100000.0000000 42.5598559 41.5996533 41.5996229 634.7348000 0.0000000
0.2670280 0.0640000 1.2410000 300.0000000 100000.0000000 42.9631847 42.0011731 42.0011385 636.9576000 0.0000000
0.2685597 0.0640000 1.2410000 300.0000000 100000.0000000 43.3669354 42.4032347 42.4031984 639.1820000 -0.0000001
0.2700871 0.0640000 1.2410000 300.0000000 100000.0000000 43.7710961 42.8058204 42.8057811 641.4083000 0.0000000
0.2716102 0.0640000 1.2410000 300.0000000 100000.0000000 44.1756448 43.2089167 43.2088723 643.6366000 0.0000000
0.2731291 0.0640000 1.2410000 300.0000000 100000.0000000 44.5805760 43.6125001 43.6124536 645.8671000 0.0000000
0.2746438 0.0640000 1.2410000 300.0000000 100000.0000000 44.9858719 44.0165578 44.0165102 648.0999000 0.0000000
0.2761542 0.0640000 1.2410000 300.0000000 100000.0000000 45.3915468 44.4210631 44.4210110 650.3352000 0.0000000
0.2776604 0.0640000 1.2410000 300.0000000 100000.0000000 45.7975792 44.8260043 44.8259486 652.5729000 0.0000000
0.2791624 0.0640000 1.2410000 300.0000000 100000.0000000 46.2039603 45.2313692 45.2313058 654.8132000 0.0000000
0.2806602 0.0640000 1.2410000 300.0000000 100000.0000000 46.6106652 45.6371541 45.6370738 657.0563000 0.0000000
0.2821538 0.0640000 1.2410000 300.0000000 100000.0000000 47.0176819 46.0433369 46.0432496 659.3020000 0.0000000
0.2836433 0.0640000 1.2410000 300.0000000 100000.0000000 47.4249852 46.4499131 46.4498243 661.5505000 0.0000000
0.2851286 0.0640000 1.2410000 300.0000000 100000.0000000 47.8325502 46.8568747 46.8567889 663.8020000 0.0000000
0.2866097 0.0640000 1.2410000 300.0000000 100000.0000000 48.2403526 47.2642144 47.2641291 666.0566000 0.0000000
0.2880868 0.0640000 1.2410000 300.0000000 100000.0000000 48.6483820 47.6719150 47.6718214 668.3144000 0.0000000
0.2895598 0.0640000 1.2410000 300.0000000 100000.0000000 49.0566248 48.0799493 48.0798501 670.5758000 0.0000000
0.2910287 0.0640000 1.2410000 300.0000000 100000.0000000 49.4650428 48.4883060 48.4882031 672.8410000 0.0000000
0.2924936 0.0640000 1.2410000 300.0000000 100000.0000000 49.8736154 48.8969622 48.8968539 675.1105000 0.0000000
0.2939546 0.0640000 1.2410000 300.0000000 100000.0000000 50.2823162 49.3058885 49.3057789 677.3846000 0.0000000
0.2954116 0.0640000 1.2410000 300.0000000 100000.0000000 50.6910735 49.7150744 49.7149694 679.6641000 0.0000000
0.2968646 0.0640000 1.2410000 300.0000000 100000.0000000 51.0998651 50.1244841 50.1243796 681.9496000 0.0000000
0.2983139 0.0640000 1.2410000 300.0000000 100000.0000000 51.5086190 50.5340893 50.5339903 684.2422000 0.0000000
0.2997592 0.0640000 1.2410000 300.0000000 100000.0000000 51.9172574 50.9438684 50.9437673 686.5428000 0.0000000
0.3012008 0.0640000 1.2410000 300.0000000 100000.0000000 52.3257124 51.3537786 51.3536706 688.8528000 0.0000000
0.3026386 0.0640000 1.2410000 300.0000000 100000.0000000 52.7339953 51.7637259 51.7636052 691.1736000 0.0000000
0.3040727 0.0640000 1.2410000 300.0000000 100000.0000000 53.1419933 52.1736565 52.1735239 693.5071000 0.0000000
0.3055031 0.0640000 1.2410000 300.0000000 100000.0000000 53.5495854 52.5835060 52.5833557 695.8555000 0.0000000
0.3069298 0.0640000 1.2410000 300.0000000 100000.0000000 53.9565520 52.9932209 52.9930623 698.2216000 0.0000000
0.3083530 0.0640000 1.2410000 300.0000000 100000.0000000 54.3628101 53.4026480 53.4024919 700.6087000 0.0000000
0.3097725 0.0640000 1.2410000 300.0000000 100000.0000000 54.7681172 53.8116588 53.8115091 703.0213000 0.0000000
0.3111884 0.0640000 1.2410000 300.0000000 100000.0000000 55.1720820 54.2201082 54.2199515 705.4648000 0.0000000
0.3126009 0.0640000 1.2410000 300.0000000 100000.0000000 55.5743086 54.6276500 54.6274884 707.9463000 0.0000000
0.3140098 0.0640000 1.2410000 300.0000000 100000.0000000 55.9743020 55.0334992 55.0333540 710.4730000 0.0000000
0.3154153 0.0640000 1.2410000 300.0000000 100000.0000000 56.3696531 55.4361107 55.4359779 713.0297000 0.0000000
0.3168166 0.0640000 1.2410000 300.0000000 100000.0000000 56.7660845 55.8387175 55.8386078 715.6076000 0.0000000
0.3182082 0.0640000 1.2410000 300.0000000 100000.0000000 57.1604380 56.2406516 56.2405667 718.2457000 0.0000000
0.3195889 0.0640000 1.2410000 300.0000000 100000.0000000 57.5484622 56.6377909 56.6376846 720.9521000 0.0000000
0.3209589 0.0640000 1.2410000 300.0000000 100000.0000000 57.9274220 57.0272109 57.0271307 723.7283000 0.0000000
0.3223187 0.0640000 1.2410000 300.0000000 100000.0000000 58.2937290 57.4055231 57.4054169 726.5055000 0.0000000
0.3236696 0.0640000 1.2410000 300.0000000 100000.0000000 58.6545934 57.7788574 57.7787847 729.2639000 0.0000000
0.3250130 0.0640000 1.2410000 300.0000000 100000.0000000 59.0274388 58.1581405 58.1581691 732.0622000 0.0000000
0.3263498 0.0640000 1.2410000 300.0000000 100000.0000000 59.3946578 58.5347461 58.5347317 734.8805000 0.0000000
0.3276809 0.0640000 1.2410000 300.0000000 100000.0000000 59.7606077 58.9089799 58.9089489 737.7114000 0.0000000
0.3290067 0.0640000 1.2410000 300.0000000 100000.0000000 60.1244091 59.2839396 59.2839119 740.5790000 0.0000000
0.3303272 0.0640000 1.2410000 300.0000000 100000.0000000 60.4911871 59.6597953 59.6596423 743.4991000 0.0000000
0.3316431 0.0640000 1.2410000 300.0000000 100000.0000000 60.8543767 60.0335340 60.0335950 746.4826000 0.0000000
0.3329552 0.0640000 1.2410000 300.0000000 100000.0000000 61.2070495 60.3984796 60.3986257 749.5008000 0.0000000
0.3342639 0.0640000 1.2410000 300.0000000 100000.0000000 61.5637441 60.7658393 60.7660524 752.6522000 0.0000000
0.3355687 0.0640000 1.2410000 300.0000000 100000.0000000 61.8986650 61.1162833 61.1165528 755.8240000 0.0000000
0.3368691 0.0640000 1.2410000 300.0000000 100000.0000000 62.2246129 61.4576519 61.4579132 759.0198000 0.0000000
0.3381646 0.0640000 1.2410000 300.0000000 100000.0000000 62.5384018 61.7904040 61.7905175 762.1548000 0.0000000
0.3394551 0.0640000 1.2410000 300.0000000 100000.0000000 62.8830072 62.1445720 62.1447685 765.3636000 0.0000000
0.3407410 0.0640000 1.2410000 300.0000000 100000.0000000 63.2430419 62.5158046 62.5161455 768.5963000 0.0000000
0.3420230 0.0640000 1.2410000 300.0000000 100000.0000000 63.5892793 62.8784817 62.8785917 771.7982000 0.0000000
0.3433019 0.0640000 1.2410000 300.0000000 100000.0000000 63.9387599 63.2411414 63.2412822 775.0269000 0.0000000
0.3445780 0.0640000 1.2410000 300.0000000 100000.0000000 64.2845695 63.6025092 63.6025901 778.2783000 0.0000000
0.3458519 0.0640000 1.2410000 300.0000000 100000.0000000 64.6396766 63.9674800 63.9675655 781.5692000 0.0000000
0.3471240 0.0640000 1.2410000 300.0000000 100000.0000000 64.9896490 64.3317653 64.3319334 784.9040000 0.0000000