0.0000271 0.1517037 1.2410000 300.0000000 100000.0000000 0.0000000 0.0000000 0.0000000 300.0000000 0.1390572
0.0027033 0.1517037 1.2410000 300.0000000 100000.0000000 0.4091410 0.2506454 0.2506454 302.0086000 0.1389902
0.0053871 0.1517037 1.2410000 300.0000000 100000.0000000 0.8146200 0.4919101 0.4919101 304.0474000 0.1388055
0.0080516 0.1517037 1.2410000 300.0000000 100000.0000000 1.2048820 0.7201767 0.7201767 306.0837000 0.1385046
0.0106962 0.1517037 1.2410000 300.0000000 100000.0000000 1.5246357 0.9609657 0.9609653 308.1012000 0.1380800
0.0133208 0.1517037 1.2410000 300.0000000 100000.0000000 1.7654161 1.2130664 1.2130659 310.0362000 0.1375109
0.0159253 0.1517037 1.2410000 300.0000000 100000.0000000 1.9894669 1.4445562 1.4445560 311.8872000 0.1367970
0.0185101 0.1517037 1.2410000 300.0000000 100000.0000000 2.1920391 1.6596021 1.6596016 313.6725000 0.1359510
0.0210758 0.1517037 1.2410000 300.0000000 100000.0000000 2.3743422 1.8593373 1.8593369 315.4072000 0.1349844
0.0236227 0.1517037 1.2410000 300.0000000 100000.0000000 2.5384486 2.0433593 2.0433581 317.1030000 0.1338980
0.0261519 0.1517037 1.2410000 300.0000000 100000.0000000 2.6836923 2.2113326 2.2113309 318.7670000 0.1326892
0.0286644 0.1517037 1.2410000 300.0000000 100000.0000000 2.8111825 2.3618989 2.3618950 320.4047000 0.1313480
0.0311616 0.1517037 1.2410000 300.0000000 100000.0000000 2.9217732 2.4945787 2.4945729 322.0217000 0.1298762
0.0336452 0.1517037 1.2410000 300.0000000 100000.0000000 3.0166845 2.6097568 2.6097499 323.6247000 0.1282744
0.0361174 0.1517037 1.2410000 300.0000000 100000.0000000 3.0972172 2.7084118 2.7084026 325.2197000 0.1265473
0.0385804 0.1517037 1.2410000 300.0000000 100000.0000000 3.1635303 2.7924153 2.7924017 326.8147000 0.1247023
0.0410369 0.1517037 1.2410000 300.0000000 100000.0000000 3.2174183 2.8627038 2.8626904 328.4173000 0.1227447
0.0434895 0.1517037 1.2410000 300.0000000 100000.0000000 3.2598837 2.9202690 2.9202601 330.0333000 0.1206783
0.0459410 0.1517037 1.2410000 300.0000000 100000.0000000 3.2917323 2.9658785 2.9658691 331.6666000 0.1185031
0.0483938 0.1517037 1.2410000 300.0000000 100000.0000000 3.3134105 3.0003518 3.0003418 333.3200000 0.1162209
0.0508428 0.1517037 1.2410000 300.0000000 100000.0000000 3.3259427 3.0243434 3.0243330 334.9916000 0.1138404
0.0532837 0.1517037 1.2410000 300.0000000 100000.0000000 3.3302263 3.0388724 3.0388626 336.6790000 0.1087917
0.0557187 0.1517037 1.2410000 300.0000000 100000.0000000 3.3274447 3.0449697 3.0449586 338.3839000 0.1060605
0.0581500 0.1517037 1.2410000 300.0000000 100000.0000000 3.3185147 3.0436756 3.0436624 340.1071000 0.1019497
0.0605805 0.1517037 1.2410000 300.0000000 100000.0000000 3.3038532 3.0361168 3.0361042 341.8507000 0.0939846
0.0630128 0.1517037 1.2410000 300.0000000 100000.0000000 3.2847288 3.0234807 3.0234703 343.6337000 0.0916237
0.0654507 0.1517037 1.2410000 300.0000000 100000.0000000 3.2637449 3.0082461 3.0082313 345.5114000 0.0892182
0.0678942 0.1517037 1.2410000 300.0000000 100000.0000000 3.2449364 2.9943634 2.9943533 347.5399000 0.0867638
0.0703322 0.1517037 1.2410000 300.0000000 100000.0000000 3.2322031 2.9857855 2.9857671 349.7115000 0.0842633
0.0727569 0.1517037 1.2410000 300.0000000 100000.0000000 3.2272246 2.9846835 2.9846814 351.9632000 0.0817186
0.0751715 0.1517037 1.2410000 300.0000000 100000.0000000 3.2296419 2.9906596 2.9906603 354.2326000 0.0791285
0.0775759 0.1517037 1.2410000 300.0000000 100000.0000000 3.2383002 3.0016366 3.0016525 356.4806000 0.0764884
0.0799639 0.1517037 1.2410000 300.0000000 100000.0000000 3.2501209 3.0153872 3.0153997 358.6723000 0.0733235
0.0823451 0.1517037 1.2410000 300.0000000 100000.0000000 3.2624210 3.0289712 3.0289821 360.7941000 0.0685380
0.0847224 0.1517037 1.2410000 300.0000000 100000.0000000 3.2723576 3.0396821 3.0397101 362.8493000 0.0643094
0.0871023 0.1517037 1.2410000 300.0000000 100000.0000000 3.2783241 3.0454357 3.0454656 364.8609000 0.0609587
0.0894961 0.1517037 1.2410000 300.0000000 100000.0000000 3.2792247 3.0461331 3.0461745 366.8777000 0.0578455
0.0918979 0.1517037 1.2410000 300.0000000 100000.0000000 3.2822865 3.0477131 3.0477418 369.1917000 0.0545747
0.0943039 0.1517037 1.2410000 300.0000000 100000.0000000 3.2964394 3.0597508 3.0597944 371.8143000 0.0511458
0.0967186 0.1517037 1.2410000 300.0000000 100000.0000000 3.3240320 3.0848478 3.0848863 374.4612000 0.0431350
0.0991353 0.1517037 1.2410000 300.0000000 100000.0000000 3.3613506 3.1192504 3.1192897 377.0004000 0.0377146
0.1015305 0.1517037 1.2410000 300.0000000 100000.0000000 3.4054614 3.1615419 3.1616166 379.4601000 0.0349214
0.1039038 0.1517037 1.2410000 300.0000000 100000.0000000 3.4578881 3.2124708 3.2125435 381.9297000 0.0326821
0.1062656 0.1517037 1.2410000 300.0000000 100000.0000000 3.5216807 3.2749904 3.2750449 384.6178000 0.0302057
0.1086301 0.1517037 1.2410000 300.0000000 100000.0000000 3.5974027 3.3497725 3.3498276 387.5275000 0.0279850
0.1110220 0.1517037 1.2410000 300.0000000 100000.0000000 3.6803249 3.4328854 3.4329257 390.4741000 0.0259263
0.1133807 0.1517037 1.2410000 300.0000000 100000.0000000 3.7646953 3.5173496 3.5173954 393.3080000 0.0238695
0.1156824 0.1517037 1.2410000 300.0000000 100000.0000000 3.8482568 3.6007130 3.6007612 396.0040000 0.0212449
0.1179574 0.1517037 1.2410000 300.0000000 100000.0000000 3.9342972 3.6863715 3.6864034 398.6324000 0.0185516
0.1202323 0.1517037 1.2410000 300.0000000 100000.0000000 4.0288932 3.7803983 3.7803902 401.2905000 0.0137477
0.1225221 0.1517037 1.2410000 300.0000000 100000.0000000 4.1391993 3.8898414 3.8898339 404.2753000 0.0120425
0.1248278 0.1517037 1.2410000 300.0000000 100000.0000000 4.2717617 4.0207767 4.0207899 407.8559000 0.0108790
0.1271508 0.1517037 1.2410000 300.0000000 100000.0000000 4.4229577 4.1695244 4.1695578 411.7083000 0.0082229
0.1294548 0.1517037 1.2410000 300.0000000 100000.0000000 4.5819371 4.3252202 4.3252608 415.4728000 0.0060653
0.1316935 0.1517037 1.2410000 300.0000000 100000.0000000 4.7396295 4.4790987 4.4791219 418.9941000 0.0044004
0.1339112 0.1517037 1.2410000 300.0000000 100000.0000000 4.8975843 4.6327508 4.6328193 422.3123000 0.0037668
0.1361253 0.1517037 1.2410000 300.0000000 100000.0000000 5.0596271 4.7900177 4.7901414 425.5073000 0.0031811
0.1383416 0.1517037 1.2410000 300.0000000 100000.0000000 5.2319979 4.9571220 4.9573249 428.8594000 0.0026536
0.1405485 0.1517037 1.2410000 300.0000000 100000.0000000 5.4206192 5.1396611 5.1399053 432.6807000 0.0011566
0.1427295 0.1517037 1.2410000 300.0000000 100000.0000000 5.6251445 5.3371795 5.3374550 436.8416000 0.0000000
0.1448977 0.1517037 1.2410000 300.0000000 100000.0000000 5.8538472 5.5578731 5.5581758 441.9094000 0.0000000
0.1470250 0.1517037 1.2410000 300.0000000 100000.0000000 6.0898051 5.7849813 5.7852379 446.6294000 0.0000000
0.1490928 0.1517037 1.2410000 300.0000000 100000.0000000 6.3305291 6.0159935 6.0162228 450.5985000 0.0000000
0.1511350 0.1517037 1.2410000 300.0000000 100000.0000000 6.5761717 6.2511741 6.2513883 454.1283000 0.0000000
0.1531829 0.1517037 1.2410000 300.0000000 100000.0000000 6.8294728 6.4929897 6.4932134 457.3921000 0.0000000
0.1552410 0.1517037 1.2410000 300.0000000 100000.0000000 7.0906006 6.7413090 6.7415606 460.4477000 0.0000000
0.1573285 0.1517037 1.2410000 300.0000000 100000.0000000 7.3620949 6.9980314 6.9982588 463.3317000 0.0000000
0.1594604 0.1517037 1.2410000 300.0000000 100000.0000000 7.6466044 7.2649682 7.2651796 466.0902000 0.0000000
0.1616355 0.1517037 1.2410000 300.0000000 100000.0000000 7.9440311 7.5421244 7.5423549 468.7672000 0.0000000
0.1638351 0.1517037 1.2410000 300.0000000 100000.0000000 8.2512455 7.8278676 7.8281757 471.4185000 0.0000000
0.1660354 0.1517037 1.2410000 300.0000000 100000.0000000 8.5639629 8.1190787 8.1194608 474.0281000 0.0000000
0.1682252 0.1517037 1.2410000 300.0000000 100000.0000000 8.8788309 8.4137731 8.4141629 476.6017000 0.0000000
0.1704040 0.1517037 1.2410000 300.0000000 100000.0000000 9.1944945 8.7112937 8.7116597 479.1562000 0.0000000
0.1725717 0.1517037 1.2410000 300.0000000 100000.0000000 9.5102743 9.0110984 9.0114917 481.7034000 0.0000000
0.1747281 0.1517037 1.2410000 300.0000000 100000.0000000 9.8264335 9.3126348 9.3130418 484.2518000 0.0000000
0.1768730 0.1517037 1.2410000 300.0000000 100000.0000000 10.1425353 9.6158528 9.6162380 486.8079000 0.0000000
0.1790067 0.1517037 1.2410000 300.0000000 100000.0000000 10.4584920 9.9206154 9.9209318 489.3761000 0.0000000
0.1811294 0.1517037 1.2410000 300.0000000 100000.0000000 10.7741624 10.2268357 10.2271290 491.9592000 0.0000000
0.1832415 0.1517037 1.2410000 300.0000000 100000.0000000 11.0896510 10.5344677 10.5347024 494.5585000 0.0000000
0.1853437 0.1517037 1.2410000 300.0000000 100000.0000000 11.4051933 10.8433796 10.8435954 497.1751000 0.0000000
0.1874366 0.1517037 1.2410000 300.0000000 100000.0000000 11.7210529 11.1535099 11.1537313 499.8094000 -0.0000001
0.1895205 0.1517037 1.2410000 300.0000000 100000.0000000 12.0374636 11.4648386 11.4650681 502.4614000 0.0000000
0.1915960 0.1517037 1.2410000 300.0000000 100000.0000000 12.3545590 11.7773837 11.7776366 505.1311000 0.0000000
0.1936635 0.1517037 1.2410000 300.0000000 100000.0000000 12.6725439 12.0911645 12.0914026 507.8184000 0.0000001
0.1957230 0.1517037 1.2410000 300.0000000 100000.0000000 12.9915470 12.4061966 12.4064307 510.5228000 0.0000000
0.1977747 0.1517037 1.2410000 300.0000000 100000.0000000 13.3116045 12.7225750 12.7228024 513.2440000 0.0000000
0.1998185 0.1517037 1.2410000 300.0000000 100000.0000000 13.6327913 13.0403514 13.0405970 515.9808000 0.0000000
0.2018544 0.1517037 1.2410000 300.0000000 100000.0000000 13.9551725 13.3596057 13.3598700 518.7320000 0.0000000
0.2038823 0.1517037 1.2410000 300.0000000 100000.0000000 14.2787965 13.6804184 13.6806924 521.4957000 0.0000000
0.2059022 0.1517037 1.2410000 300.0000000 100000.0000000 14.6037332 14.0028534 14.0031208 524.2694000 0.0000000
0.2079140 0.1517037 1.2410000 300.0000000 100000.0000000 14.9300434 14.3269460 14.3272312 527.0503000 0.0000000
0.2099177 0.1517037 1.2410000 300.0000000 100000.0000000 15.2577953 14.6527394 14.6530557 529.8354000 0.0000000
0.2119132 0.1517037 1.2410000 300.0000000 100000.0000000 15.5870750 14.9802643 14.9805873 532.6213000 0.0000000
0.2139008 0.1517037 1.2410000 300.0000000 100000.0000000 15.9179894 15.3095007 15.3098152 535.4047000 0.0000000
0.2158803 0.1517037 1.2410000 300.0000000 100000.0000000 16.2506238 15.6404219 15.6407196 538.1826000 0.0000000
0.2178519 0.1517037 1.2410000 300.0000000 100000.0000000 16.5850525 15.9729867 15.9732723 540.9519000 0.0000000
0.2198159 0.1517037 1.2410000 300.0000000 100000.0000000 16.9213410 16.3071423 16.3074350 543.7104000 0.0000000
0.2217722 0.1517037 1.2410000 300.0000000 100000.0000000 17.2595061 16.6428678 16.6431611 546.4561000 0.0000000
0.2237211 0.1517037 1.2410000 300.0000000 100000.0000000 17.5995471 16.9801304 16.9804196 549.1876000 0.0000000
0.2256628 0.1517037 1.2410000 300.0000000 100000.0000000 17.9414598 17.3189000 17.3191823 551.9043000 0.0000000
0.2275976 0.1517037 1.2410000 300.0000000 100000.0000000 18.2851793 17.6591857 17.6594549 554.6059000 0.0000000
0.2295257 0.1517037 1.2410000 300.0000000 100000.0000000 18.6306850 18.0009672 18.0012375 557.2930000 0.0000000
0.2314474 0.1517037 1.2410000 300.0000000 100000.0000000 18.9779930 18.3442140 18.3445088 559.9663000 0.0000000
0.2333629 0.1517037 1.2410000 300.0000000 100000.0000000 19.3270219 18.6889542 18.6892896 562.6269000 0.0000000
0.2352725 0.1517037 1.2410000 300.0000000 100000.0000000 19.6777421 19.0352139 19.0355581 565.2762000 0.0000000
0.2371762 0.1517037 1.2410000 300.0000000 100000.0000000 20.0300946 19.3830082 19.3833266 567.9156000 0.0000000
0.2390731 0.1517037 1.2410000 300.0000000 100000.0000000 20.3837752 19.7321490 19.7324339 570.5451000 0.0000000
0.2409625 0.1517037 1.2410000 300.0000000 100000.0000000 20.7386307 20.0825071 20.0827498 573.1653000 0.0000000
0.2428445 0.1517037 1.2410000 300.0000000 100000.0000000 21.0946414 20.4340482 20.4342629 575.7774000 0.0000000
0.2447192 0.1517037 1.2410000 300.0000000 100000.0000000 21.4517736 20.7867498 20.7869623 578.3829000 0.0000000
0.2465867 0.1517037 1.2410000 300.0000000 100000.0000000 21.8099639 21.1406289 21.1408247 580.9830000 0.0000000
0.2484471 0.1517037 1.2410000 300.0000000 100000.0000000 22.1691742 21.4956613 21.4958378 583.5787000 0.0000000
0.2503005 0.1517037 1.2410000 300.0000000 100000.0000000 22.5293517 21.8518218 21.8519995 586.1710000 0.0000000
0.2521469 0.1517037 1.2410000 300.0000000 100000.0000000 22.8904872 22.2090851 22.2092587 588.7607000 0.0000000
0.2539865 0.1517037 1.2410000 300.0000000 100000.0000000 23.2525555 22.5674237 22.5675791 591.3487000 0.0000000
0.2558192 0.1517037 1.2410000 300.0000000 100000.0000000 23.6155301 22.9267972 22.9269374 593.9357000 0.0000000
0.2576452 0.1517037 1.2410000 300.0000000 100000.0000000 23.9793822 23.2871806 23.2873018 596.5221000 0.0000000
0.2594645 0.1517037 1.2410000 300.0000000 100000.0000000 24.3440820 23.6485550 23.6486401 599.1087000 0.0000000
0.2612772 0.1517037 1.2410000 300.0000000 100000.0000000 24.7095901 24.0108890 24.0109485 601.6957000 0.0000000
0.2630832 0.1517037 1.2410000 300.0000000 100000.0000000 25.0758927 24.3741593 24.3742089 604.2836000 0.0000000
0.2648827 0.1517037 1.2410000 300.0000000 100000.0000000 25.4429897 24.7383515 24.7383932 606.8724000 0.0000000
0.2666757 0.1517037 1.2410000 300.0000000 100000.0000000 25.8108856 25.1034509 25.1034816 609.4622000 0.0000000
0.2684621 0.1517037 1.2410000 300.0000000 100000.0000000 26.1795785 25.4694411 25.4694713 612.0529000 0.0000000
0.2702422 0.1517037 1.2410000 300.0000000 100000.0000000 26.5490503 25.8363227 25.8363651 614.6445000 0.0000000
0.2720158 0.1517037 1.2410000 300.0000000 100000.0000000 26.9193015 26.2040928 26.2041551 617.2364000 0.0000000
0.2737830 0.1517037 1.2410000 300.0000000 100000.0000000 27.2903476 26.5727454 26.5728243 619.8283000 0.0000000
0.2755439 0.1517037 1.2410000 300.0000000 100000.0000000 27.6621882 26.9422781 26.9423673 622.4196000 0.0000000
0.2772985 0.1517037 1.2410000 300.0000000 100000.0000000 28.0348389 27.3126717 27.3127770 625.0097000 0.0000000
0.2790469 0.1517037 1.2410000 300.0000000 100000.0000000 28.4082988 27.6839227 27.6840436 627.5980000 0.0000000
0.2807890 0.1517037 1.2410000 300.0000000 100000.0000000 28.7825761 28.0560273 28.0561457 630.1839000 0.0000000
0.2825249 0.1517037 1.2410000 300.0000000 100000.0000000 29.1576735 28.4289660 28.4290760 632.7668000 0.0000000
0.2842548 0.1517037 1.2410000 300.0000000 100000.0000000 29.5335739 28.8027307 28.8028294 635.3463000 0.0000000
0.2859785 0.1517037 1.2410000 300.0000000 100000.0000000 29.9102774 29.1773126 29.1773791 637.9218000 0.0000000
0.2876963 0.1517037 1.2410000 300.0000000 100000.0000000 30.2877672 29.5526998 29.5527147 640.4932000 0.0000000
0.2894081 0.1517037 1.2410000 300.0000000 100000.0000000 30.6660197 29.9288631 29.9288459 643.0601000 0.0000000
0.2911141 0.1517037 1.2410000 300.0000000 100000.0000000 31.0450164 30.3057754 30.3057714 645.6225000 -0.0000001
0.2928142 0.1517037 1.2410000 300.0000000 100000.0000000 31.4247564 30.6834333 30.6834448 648.1803000 0.0000000
0.2945086 0.1517037 1.2410000 300.0000000 100000.0000000 31.8052034 31.0618277 31.0618586 650.7337000 0.0000000
0.2961973 0.1517037 1.2410000 300.0000000 100000.0000000 32.1863461 31.4409392 31.4409879 653.2830000 0.0000000
0.2978804 0.1517037 1.2410000 300.0000000 100000.0000000 32.5681723 31.8207466 31.8208067 655.8284000 0.0000000
0.2995579 0.1517037 1.2410000 300.0000000 100000.0000000 32.9506703 32.2012216 32.2012914 658.3705000 0.0000000
0.3012299 0.1517037 1.2410000 300.0000000 100000.0000000 33.3338051 32.5823494 32.5824223 660.9098000 -0.0000001
0.3028965 0.1517037 1.2410000 300.0000000 100000.0000000 33.7175185 32.9641125 32.9641994 663.4470000 0.0000000
0.3045577 0.1517037 1.2410000 300.0000000 100000.0000000 34.1017666 33.3465015 33.3465938 665.9828000 0.0000000
0.3062135 0.1517037 1.2410000 300.0000000 100000.0000000 34.4865019 33.7294957 33.7295857 668.5182000 0.0000000
0.3078640 0.1517037 1.2410000 300.0000000 100000.0000000 34.8716716 34.1130685 34.1131571 671.0539000 0.0000000
0.3095093 0.1517037 1.2410000 300.0000000 100000.0000000 35.2572435 34.4971807 34.4972766 673.5910000 0.0000000
0.3111494 0.1517037 1.2410000 300.0000000 100000.0000000 35.6431969 34.8817917 34.8818970 676.1302000 0.0000000
0.3127844 0.1517037 1.2410000 300.0000000 100000.0000000 36.0294988 35.2668641 35.2669691 678.6727000 0.0000000
0.3144142 0.1517037 1.2410000 300.0000000 100000.0000000 36.4160928 35.6523565 35.6524600 681.2194000 0.0000000
0.3160390 0.1517037 1.2410000 300.0000000 100000.0000000 36.8029150 36.0382366 36.0383235 683.7715000 0.0000000
0.3176587 0.1517037 1.2410000 300.0000000 100000.0000000 37.1898569 36.4244685 36.4245477 686.3303000 0.0000000
0.3192735 0.1517037 1.2410000 300.0000000 100000.0000000 37.5769049 36.8109688 36.8110550 688.8970000 0.0000000
0.3208833 0.1517037 1.2410000 300.0000000 100000.0000000 37.9641089 37.1976081 37.1977168 691.4732000 0.0000000
0.3224883 0.1517037 1.2410000 300.0000000 100000.0000000 38.3512896 37.5843582 37.5844836 694.0607000 0.0000000
0.3240884 0.1517037 1.2410000 300.0000000 100000.0000000 38.7382359 37.9711541 37.9713180 696.6616000 0.0000000
0.3256836 0.1517037 1.2410000 300.0000000 100000.0000000 39.1248169 38.3578735 38.3580718 699.2784000 0.0000000
0.3272741 0.1517037 1.2410000 300.0000000 100000.0000000 39.5109698 38.7442641 38.7444937 701.9141000 0.0000000
0.3288556 0.1517037 1.2410000 300.0000000 100000.0000000 39.8954618 39.1292147 39.1294743 704.5665000 0.0000000
0.3304200 0.1517037 1.2410000 300.0000000 100000.0000000 40.2760345 39.5106466 39.5109303 707.2266000 0.0000001
0.3319667 0.1517037 1.2410000 300.0000000 100000.0000000 40.6512745 39.8875351 39.8878193 709.8900000 0.0000000
0.3334963 0.1517037 1.2410000 300.0000000 100000.0000000 41.0183530 40.2575087 40.2578062 712.5155000 0.0000000
0.3350135 0.1517037 1.2410000 300.0000000 100000.0000000 41.3891246 40.6283387 40.6285953 715.1195000 0.0000001
0.3365229 0.1517037 1.2410000 300.0000000 100000.0000000 41.7644878 41.0040068 41.0042829 717.7625000 0.0000000
0.3380245 0.1517037 1.2410000 300.0000000 100000.0000000 42.1364816 41.3781580 41.3784802 720.4205000 0.0000000
0.3395184 0.1517037 1.2410000 300.0000000 100000.0000000 42.5040584 41.7489902 41.7492984 723.0833000 0.0000000
0.3410050 0.1517037 1.2410000 300.0000000 100000.0000000 42.8703040 42.1182579 42.1185213 725.7497000 0.0000000
0.3424841 0.1517037 1.2410000 300.0000000 100000.0000000 43.2371812 42.4890431 42.4892754 728.4626000 0.0000000
0.3439555 0.1517037 1.2410000 300.0000000 100000.0000000 43.5978129 42.8551621 42.8554318 731.1933000 0.0000000
0.3454199 0.1517037 1.2410000 300.0000000 100000.0000000 43.9487015 43.2128733 43.2131609 733.8772000 0.0000000
0.3468779 0.1517037 1.2410000 300.0000000 100000.0000000 44.3114124 43.5784098 43.5786037 736.6149000 0.0000000
0.3483296 0.1517037 1.2410000 300.0000000 100000.0000000 44.6710012 43.9437552 43.9440118 739.3847000 0.0000000