0 0 0.00554829 0.0369866 0.0346732
1 0.422214 0.550814 0.0369579 0.0347695
2 0.852028 1.09622 0.0368777 0.0348665
3 1.27936 1.63636 0.0367475 0.0349635
4 1.65369 2.17115 0.0365675 0.0350602
5 1.94632 1.43903 0.0363334 0.0274077
6 2.24421 1.60825 0.0360425 0.0254262
7 2.53354 1.77468 0.0356923 0.0234583
8 2.81577 1.93847 0.0352822 0.0215041
9 3.09183 2.09974 0.0348101 0.0195638
10 3.36066 2.25856 0.0342749 0.0176376
11 3.6219 2.41503 0.0336765 0.0157253
12 3.87558 2.56924 0.0330173 0.0138267
13 4.12189 2.72125 0.0322996 0.0119415
14 4.36143 2.87117 0.0315255 0.0100693
15 4.59408 3.01908 0.0306961 0.00820933
16 4.82014 3.16508 0.0298121 0.00636096
17 5.03999 3.30928 0.0285888 0.00452352
18 5.25414 3.45177 0.027598 0.00269631
19 5.46269 3.59269 0.0265583 0.000882679
20 5.66565 3.85125 0.0251632 1.46902e-16
21 5.86385 4.22227 0.0237362 5.63925e-18
22 6.05838 4.591 0.0224211 1.24351e-18
23 6.2501 4.95845 0.0212358 4.59594e-19
24 6.44062 5.32524 0.0198878 2.18537e-19
25 6.62987 5.68928 0.0184072 1.21127e-19
26 6.81897 6.0505 0.0171896 7.43273e-20
27 7.00956 6.40994 0.015316 4.89754e-20
28 7.20279 6.7684 0.0139978 3.40167e-20
29 7.39724 7.12149 0.0123762 2.47088e-20
30 7.59322 7.4694 0.0112161 1.85942e-20
31 7.79047 7.81234 0.0097963 1.44002e-20
32 7.98831 8.14926 0.0085793 1.14291e-20
33 8.18856 8.48211 0.0074752 9.24899e-21
34 8.39372 8.81238 0.0065555 7.60375e-21
35 8.60636 9.14106 0.004729 6.33444e-21
36 8.83008 9.4685 0.0027078 5.3378e-21
37 9.06045 9.79455 0.000613 4.54419e-21
38 9.29978 10.1189 0 3.90458e-21
39 9.55253 10.4414 0 3.38324e-21
40 9.81087 10.762 0 2.95358e-21
41 10.0802 11.0803 0 2.5969e-21
42 10.3611 11.3958 0 2.2984e-21
43 10.6516 11.7061 0 2.04816e-21
44 10.9457 12.0094 0 1.83793e-21
45 11.2436 12.3073 0 1.65875e-21
46 11.5458 12.6019 0 1.50413e-21
47 11.8532 12.8945 0 1.36917e-21
48 12.1666 13.1865 0 1.25029e-21
49 12.4862 13.4791 0 1.1448e-21
50 12.8114 13.7731 0 2.47214e-22
51 13.1418 14.069 0 2.47732e-22
52 13.4763 14.3663 -1e-07 2.48255e-22
53 13.8131 14.6644 0 2.48781e-22
54 14.1518 14.963 0 2.4931e-22
55 14.4918 15.2622 0 2.49842e-22
56 14.8326 15.5618 0 2.50377e-22
57 15.1734 15.8616 0 2.50915e-22
58 15.5141 16.1615 0 2.51455e-22
59 15.8547 16.4612 0 2.51997e-22
60 16.1958 16.7607 0 2.52541e-22
61 16.5374 16.8611 0 -3.19501e-06
62 16.8795 16.9823 0 -1.33884e-06
63 17.2222 17.1612 0 5.56845e-06
64 17.5653 17.2396 0 -7.43074e-21
65 17.9089 17.3632 0 -7.4341e-12
66 18.2528 17.4852 -1e-07 7.29429e-05
67 18.5971 17.6724 0 1.4387e-10
68 18.9417 17.795 0 3.92187e-18
69 19.2866 17.9292 0 -1.51043e-18
70 19.6318 18.0613 0 -1.30626e-19
71 19.9774 18.1967 0 -5.27741e-20
72 20.3234 18.3319 0 6.91564e-20
73 20.6698 18.4666 0 -7.83003e-21
74 21.0166 18.6036 0 2.68939e-20
75 21.3638 18.7343 0 3.18274e-16
76 21.7115 18.9218 0 2.60116e-13
77 22.0597 19.0605 0 4.01458e-18
78 22.4085 19.1988 0 1.03776e-19
79 22.7578 19.3369 0 -7.103e-21
80 23.1078 19.4764 0 1.94357e-20
81 23.4584 19.6596 0 1.19139e-10
82 23.8097 19.7984 0 -3.13347e-19
83 24.1617 19.939 0 4.2349e-20
84 24.5144 20.0781 0 -1.86854e-19
85 24.8678 20.2562 0 1.5285e-17
86 25.2219 20.3959 0 -1.1769e-20
87 25.5768 20.5393 0 -7.39258e-19
88 25.9324 20.7229 -1e-07 -1.92521e-10
89 26.2888 20.8647 0 -6.61682e-20
90 26.646 21.0084 0 2.22394e-20
91 27.004 21.1926 0 -4.32589e-05
92 27.3627 21.3361 0 1.10042e-18
93 27.7223 21.4836 0 3.81547e-20
94 28.0825 21.633 0 -3.31221e-21
95 28.4436 21.8146 0 -5.76335e-13
96 28.8054 21.9644 0 -1.55471e-19
97 29.1679 22.1135 0 2.56551e-20
98 29.5311 22.2654 0 -2.52238e-18
99 29.895 22.446 0 3.71455e-17
100 30.2595 22.5938 0 -9.54336e-21
101 30.6246 22.7455 0 3.72901e-20
102 30.9903 22.9274 0 -2.33013e-15
103 31.3566 23.0753 0 3.30034e-20
104 31.7235 23.2238 0 7.18976e-13
105 32.0908 23.4068 0 1.39586e-17
106 32.4586 23.558 0 3.30399e-20
107 32.827 23.7062 0 8.885e-13
108 33.1958 23.8882 0 -1.35313e-18
109 33.565 24.0373 0 1.79957e-20
110 33.9347 24.2174 0 3.44519e-09
111 34.3049 24.3684 0 -7.11316e-20
112 34.6754 24.5211 0 -4.65191e-21
113 35.0465 24.7002 0 -1.15185e-09
114 35.4179 24.8505 0 7.71712e-20
115 35.7898 25.0004 0 1.13385e-20
116 36.1621 25.1809 0 2.37737e-13
117 36.5348 25.3291 0 2.54763e-20
118 36.908 25.4789 0 -3.93196e-14
119 37.2816 25.6571 0 4.11185e-19
120 37.6557 25.8073 0 1.45113e-20
121 38.0302 25.9853 0 7.05971e-09
122 38.4051 26.1356 0 8.65274e-20
123 38.7805 26.2836 0 9.26182e-21
124 39.1563 26.4581 0 -5.05247e-19
125 39.5326 26.6091 0 1.70703e-20
126 39.9094 26.7826 0 2.4928e-12
127 40.2866 26.9314 0 3.27315e-20
128 40.6642 27.077 0 6.78939e-10
129 41.0424 27.2523 0 8.13711e-20
130 41.421 27.4002 0 -1.88428e-21
131 41.8 27.574 0 -7.1e-18
132 42.1795 27.7234 0 -5.53722e-21
133 42.5594 27.8961 0 -9.16326e-09
134 42.9398 28.045 0 6.66622e-20
135 43.3205 28.1923 0 -1.75485e-21
136 43.7017 28.3651 0 5.51914e-18
137 44.0833 28.5128 1e-07 -3.78994e-21
138 44.4652 28.6839 0 9.82452e-13
139 44.8476 28.8312 0 2.39491e-20
140 45.2302 28.979 0 -1.69907e-12
141 45.6132 29.149 0 9.50251e-20
142 45.9966 29.296 -1e-07 -1.92205e-21
143 46.3802 29.4663 0 2.05116e-17
144 46.7642 29.6127 1e-07 -3.72223e-21
145 47.1485 29.781 0 -2.52377e-14
146 47.533 29.9267 0 1.6438e-20
147 47.9178 30.0951 0 -8.84889e-09
148 48.3029 30.2397 1e-07 2.30313e-20
149 48.6882 30.3915 0 -2.22109e-05
150 49.0737 30.5519 0 -1.97436e-20
151 49.4595 30.6968 0 -1.65924e-14
152 49.8455 30.8629 0 -4.65445e-20
153 50.2317 31.0067 0 9.87713e-17
154 50.6181 31.1722 0 -8.48893e-20
155 51.0047 31.3162 0 -1.73086e-21
156 51.3914 31.4815 -1e-07 1.01213e-18
157 51.7783 31.6251 0 -2.32686e-21
158 52.1653 31.7899 0 1.23768e-16
159 52.5524 31.933 0 1.08276e-20
160 52.9396 32.0972 0 -1.67891e-13
161 53.3269 32.2406 0 1.77165e-20
162 53.7141 32.4038 0 -5.66815e-08
163 54.1014 32.5451 0 1.84406e-20
164 54.4886 32.7028 0 1.02078e-05
165 54.8757 32.8492 0 2.48563e-20
166 55.2627 33.011 0 -1.14272e-05
167 55.6495 33.152 0 2.98675e-20
168 56.036 33.2931 0 -1.3238e-12
169 56.4223 33.4549 0 7.31722e-20
170 56.8081 33.5957 0 3.38788e-20
171 57.1935 33.7567 0 3.26752e-19
172 57.5781 33.8976 0 7.04217e-21
173 57.9618 34.0572 0 -2.22834e-18
174 58.3446 34.1967 0 -1.93236e-21
175 58.7261 34.3561 0 9.38104e-18
176 59.106 34.4959 0 -2.50645e-21
177 59.4838 34.6543 0 -7.74063e-17
178 59.8588 34.7926 0 7.64325e-21
179 60.2297 34.9514 0 -7.79621e-16
180 60.5933 35.0888 0 -2.26247e-21
181 60.9575 35.2463 0 -3.97785e-17
182 61.3155 35.3837 0 -2.05007e-21
183 61.6641 35.541 0 5.66709e-17
184 62.0056 35.6769 1e-07 6.05481e-21
185 62.3589 35.833 0 5.34986e-19
186 62.7187 35.9702 0 -1.56911e-21
187 63.0863 36.1259 0 -5.07267e-19
188 63.4535 36.2624 0 -1.50442e-21
189 63.8274 36.4181 0 1.38989e-18
190 64.1982 36.5548 0 6.39713e-21
191 64.5568 36.7095 0 4.53178e-18
192 64.9293 36.8451 0 6.22013e-21
193 65.3021 36.9994 0 4.58626e-18
194 65.6766 37.1341 0 -1.51386e-21
195 66.0486 37.288 0 1.33132e-18
196 66.4103 37.4223 0 -1.37396e-21
197 66.7698 37.5749 0 -1.23671e-19
198 67.1219 37.7094 1e-07 1.15129e-20
199 67.4553 37.8619 0 -9.15241e-20
200 67.7668 37.9962 0 2.18516e-20
201 68.0945 38.1478 0 7.9436e-20
