4   300   0   -0   -0   0   0.00418879
4   300   0.001   0.113074   0.0666879   0   0.00419298
4   300   0.002   0.226678   0.133783   0   0.00419718
4   300   0.003   0.34081   0.201285   2.254e-81   0.00420139
4   300   0.004   0.455467   0.269191   6.56735e-75   0.00420561
4   300   0.005   0.570648   0.3375   2.57811e-69   0.00420984
4   300   0.006   0.68635   0.406212   2.00063e-64   0.00421407
4   300   0.007   0.802573   0.475323   4.10312e-60   0.00421832
4   300   0.008   0.919314   0.544834   2.78504e-56   0.00422257
4   300   0.009   1.03657   0.614742   7.46738e-53   0.00422683
4   300   0.01   1.15434   0.685046   9.10793e-50   0.0042311
4   300   0.011   1.27262   0.755745   5.66355e-47   0.00423538
4   300   0.012   1.39142   0.826837   1.97061e-44   0.00423967
4   300   0.013   1.51072   0.898321   4.14289e-42   0.00424396
4   300   0.014   1.63053   0.970195   5.61008e-40   0.00424827
4   300   0.015   1.75084   1.04246   5.1632e-38   0.00425258
4   300   0.016   1.87165   1.11511   3.37987e-36   0.0042569
4   300   0.017   1.99297   1.18815   1.63591e-34   0.00426123
4   300   0.018   2.11478   1.26157   6.05312e-33   0.00426557
4   300   0.019   2.23709   1.33537   1.76238e-31   0.00426992
4   300   0.02   2.3599   1.40956   4.14057e-30   0.00427428
4   300   0.021   2.4832   1.48413   8.0257e-29   0.00427864
4   300   0.022   2.60699   1.55908   1.3089e-27   0.00428302
4   300   0.023   2.73127   1.6344   1.82806e-26   0.0042874
4   300   0.024   2.85604   1.7101   2.22169e-25   0.00429179
4   300   0.025   2.98129   1.78618   2.38452e-24   0.0042962
4   300   0.026   3.10702   1.86263   2.29184e-23   0.00430061
4   300   0.027   3.23324   1.93945   1.99924e-22   0.00430503
4   300   0.028   3.35994   2.01664   1.60421e-21   0.00430945
4   300   0.029   3.48711   2.0942   1.20057e-20   0.00431389
4   300   0.03   3.61476   2.17213   8.50614e-20   0.00431834
4   300   0.031   3.74289   2.25043   5.80132e-19   0.0043228
4   300   0.032   3.87148   2.32909   3.88193e-18   0.00432726
4   300   0.033   4.00055   2.40811   2.60486e-17   0.00433174
4   300   0.034   4.13009   2.4875   1.79614e-16   0.00433622
4   300   0.035   4.26009   2.56725   1.30572e-15   0.00434072
4   300   0.036   4.39055   2.64736   1.02544e-14   0.00434522
4   300   0.037   4.52148   2.72782   8.8807e-14   0.00434973
4   300   0.038   4.65287   2.80865   8.61033e-13   0.00435425
4   300   0.039   4.78472   2.88983   9.44054e-12   0.00435878
4   300   0.04   4.91703   2.97136   1.17821e-10   0.00436332
4   300   0.041   5.04979   3.05324   1.68145e-09   0.00436787
4   300   0.042   5.183   3.13548   2.75237e-08   0.00437243
4   300   0.043   5.31651   3.21809   5.16265e-07   0.00437697
4   300   0.044   5.44742   3.30149   1.08504e-05   0.00438093
4   300   0.045   5.51886   3.39384   0.000213011   0.00437339
4   300   0.046   5.18004   3.55344   0.00144504   0.00426907
4   300   0.047   4.77978   3.73515   0.00224099   0.00403826
4   300   0.048   4.68871   3.84785   0.00241508   0.00378198
4   300   0.049   4.71676   3.92869   0.00248077   0.00352767
4   300   0.05   4.77868   4.00066   0.00252661   0.00327953
4   300   0.051   4.85022   4.07087   0.00256771   0.00303876
4   300   0.052   4.92488   4.14127   0.00260732   0.00280599
4   300   0.053   5.00096   4.21242   0.00264622   0.00258173
4   300   0.054   5.07805   4.28447   0.00268454   0.00236641
4   300   0.055   5.15607   4.3575   0.0027223   0.00216039
4   300   0.056   5.235   4.43154   0.00275944   0.00196403
4   300   0.057   5.31485   4.50661   0.00279591   0.00177758
4   300   0.058   5.39565   4.58272   0.00283168   0.00160126
4   300   0.059   5.47739   4.6599   0.00286669   0.00143524
4   300   0.06   5.56008   4.73815   0.0029009   0.00127962
4   300   0.061   5.64372   4.81747   0.00293428   0.00113442
4   300   0.062   5.7283   4.89786   0.00296678   0.000999618
4   300   0.063   5.81381   4.97931   0.00299839   0.000875128
4   300   0.064   5.90024   5.0618   0.00302907   0.000760796
4   300   0.065   5.98756   5.14532   0.00305881   0.000656409
4   300   0.066   6.07575   5.22984   0.0030876   0.0005617
4   300   0.067   6.16478   5.31534   0.00311542   0.000476344
4   300   0.068   6.25462   5.40178   0.00314228   0.000399969
4   300   0.069   6.34524   5.48912   0.00316818   0.000332159
4   300   0.07   6.4366   5.57734   0.00319315   0.000272455
4   300   0.071   6.52866   5.66638   0.0032172   0.000220371
4   300   0.072   6.62138   5.75619   0.00324037   0.000175388
4   300   0.073   6.71472   5.84675   0.00326269   0.000136971
4   300   0.074   6.80864   5.93798   0.00328423   0.000104572
4   300   0.075   6.90311   6.02986   0.00330506   7.76333e-05
4   300   0.076   6.99807   6.12233   0.00332526   5.56006e-05
4   300   0.077   7.0935   6.21534   0.00334496   3.79234e-05
4   300   0.078   7.18937   6.30884   0.00336434   2.40623e-05
4   300   0.079   7.28566   6.40279   0.00338369   1.34909e-05
4   300   0.08   7.38235   6.49714   0.00340345   5.69181e-06
4   300   0.081   7.47941   6.59182   0.00342252   1.0483e-07
4   300   0.082   7.57618   6.68688   0.00343323   0
4   300   0.083   7.67289   6.78222   0.00344396   0
4   300   0.084   7.76978   6.87779   0.00345465   0
4   300   0.085   7.86686   6.97358   0.0034653   0
4   300   0.086   7.96415   7.06959   0.0034759   0
4   300   0.087   8.06164   7.1658   0.00348646   0
4   300   0.088   8.15933   7.26222   0.00349697   0
4   300   0.089   8.25721   7.35884   0.00350743   0
4   300   0.09   8.35528   7.45567   0.00351784   0
4   300   0.091   8.45353   7.55268   0.0035282   0
4   300   0.092   8.55197   7.64988   0.00353852   0
4   300   0.093   8.65058   7.74727   0.00354878   0
4   300   0.094   8.74936   7.84484   0.00355899   0
4   300   0.095   8.84831   7.94258   0.00356915   0
4   300   0.096   8.94742   8.0405   0.00357925   0
4   300   0.097   9.0467   8.13858   0.00358931   0
4   300   0.098   9.14614   8.23685   0.00359931   0
4   300   0.099   9.24575   8.33528   0.00360926   0
4   300   0.1   9.34553   8.43389   0.00361916   0
4   300   0.101   9.44547   8.53267   0.00362901   0
4   300   0.102   9.54558   8.63162   0.0036388   0
4   300   0.103   9.64585   8.73075   0.00364855   0
4   300   0.104   9.74629   8.83005   0.00365824   0
4   300   0.105   9.8469   8.92953   0.00366788   0
4   300   0.106   9.94767   9.02918   0.00367747   0
4   300   0.107   10.0486   9.129   0.00368701   0
4   300   0.108   10.1497   9.229   0.0036965   0
4   300   0.109   10.251   9.32917   0.00370594   0
4   300   0.11   10.3524   9.42951   0.00371533   0
4   300   0.111   10.454   9.53004   0.00372466   0
4   300   0.112   10.5558   9.63073   0.00373395   0
4   300   0.113   10.6578   9.73161   0.00374319   0
4   300   0.114   10.7599   9.83265   0.00375237   0
4   300   0.115   10.8622   9.93388   0.00376151   0
4   300   0.116   10.9646   10.0353   0.0037706   0
4   300   0.117   11.0673   10.1369   0.00377963   0
4   300   0.118   11.1701   10.2386   0.00378862   0
4   300   0.119   11.273   10.3405   0.00379756   0
4   300   0.12   11.3761   10.4426   0.00380644   0
4   300   0.121   11.4795   10.5449   0.00381528   0
4   300   0.122   11.5829   10.6474   0.00382407   0
4   300   0.123   11.6866   10.75   0.00383281   0
4   300   0.124   11.7904   10.8528   0.00384151   0
4   300   0.125   11.8944   10.9558   0.00385015   0
4   300   0.126   11.9985   11.059   0.00385874   0
4   300   0.127   12.1029   11.1623   0.00386729   0
4   300   0.128   12.2074   11.2659   0.00387579   0
4   300   0.129   12.312   11.3696   0.00388424   0
4   300   0.13   12.4169   11.4734   0.00389264   0
4   300   0.131   12.5219   11.5775   0.003901   0
4   300   0.132   12.6271   11.6817   0.0039093   0
4   300   0.133   12.7325   11.7862   0.00391756   0
4   300   0.134   12.838   11.8908   0.00392578   0
4   300   0.135   12.9437   11.9955   0.00393394   0
4   300   0.136   13.0496   12.1005   0.00394206   0
4   300   0.137   13.1557   12.2056   0.00395013   0
4   300   0.138   13.2619   12.311   0.00395816   0
4   300   0.139   13.3683   12.4165   0.00396613   0
4   300   0.14   13.4749   12.5221   0.00397407   0
4   300   0.141   13.5817   12.628   0.00398195   0
4   300   0.142   13.6886   12.734   0.00398979   0
4   300   0.143   13.7957   12.8403   0.00399759   0
4   300   0.144   13.903   12.9467   0.00400534   0
4   300   0.145   14.0104   13.0532   0.00401304   0
4   300   0.146   14.1181   13.16   0.0040207   0
4   300   0.147   14.2259   13.267   0.00402831   0
4   300   0.148   14.3339   13.3741   0.00403587   0
4   300   0.149   14.4421   13.4814   0.0040434   0
4   300   0.15   14.5504   13.5889   0.00405087   0
4   300   0.151   14.6589   13.6966   0.00405831   0
4   300   0.152   14.7676   13.8044   0.0040657   0
4   300   0.153   14.8765   13.9125   0.00407304   0
4   300   0.154   14.9856   14.0207   0.00408034   0
4   300   0.155   15.0948   14.1291   0.0040876   0
4   300   0.156   15.2042   14.2377   0.00409481   0
4   300   0.157   15.3138   14.3465   0.00410198   0
4   300   0.158   15.4236   14.4555   0.0041091   0
4   300   0.159   15.5335   14.5646   0.00411619   0
4   300   0.16   15.6436   14.674   0.00412323   0
4   300   0.161   15.754   14.7835   0.00413022   0
4   300   0.162   15.8644   14.8932   0.00413718   0
4   300   0.163   15.9751   15.0031   0.00414409   0
4   300   0.164   16.086   15.1132   0.00415096   0
4   300   0.165   16.197   15.2234   0.00415779   0
4   300   0.166   16.3082   15.3339   0.00416457   0
4   300   0.167   16.4196   15.4445   0.00417131   0
4   300   0.168   16.5312   15.5553   0.00417802   0
4   300   0.169   16.6429   15.6664   0.00418468   0
4   300   0.17   16.7549   15.7776   0.00419129   0
4   300   0.171   16.867   15.8889   0.00419787   0
4   300   0.172   16.9793   16.0005   0.00420441   0
4   300   0.173   17.0918   16.1123   0.00421091   0
4   300   0.174   17.2045   16.2242   0.00421736   0
4   300   0.175   17.3173   16.3364   0.00422378   0
4   300   0.176   17.4304   16.4487   0.00423015   0
4   300   0.177   17.5436   16.5612   0.00423649   0
4   300   0.178   17.657   16.6739   0.00424278   0
4   300   0.179   17.7706   16.7868   0.00424904   0
4   300   0.18   17.8844   16.8999   0.00425525   0
4   300   0.181   17.9983   17.0132   0.00426143   0
4   300   0.182   18.1125   17.1266   0.00426756   0
4   300   0.183   18.2268   17.2403   0.00427366   0
4   300   0.184   18.3413   17.3541   0.00427972   0
4   300   0.185   18.456   17.4681   0.00428574   0
4   300   0.186   18.5709   17.5824   0.00429172   0
4   300   0.187   18.686   17.6968   0.00429767   0
4   300   0.188   18.8013   17.8114   0.00430357   0
4   300   0.189   18.9167   17.9262   0.00430944   0
4   300   0.19   19.0324   18.0412   0.00431527   0
4   300   0.191   19.1482   18.1564   0.00432107   0
4   300   0.192   19.2642   18.2717   0.00432682   0
4   300   0.193   19.3804   18.3873   0.00433254   0
4   300   0.194   19.4968   18.5031   0.00433822   0
4   300   0.195   19.6134   18.619   0.00434386   0
4   300   0.196   19.7302   18.7352   0.00434947   0
4   300   0.197   19.8471   18.8515   0.00435504   0
4   300   0.198   19.9643   18.968   0.00436058   0
4   300   0.199   20.0816   19.0848   0.00436608   0
4   300   0.2   20.1992   19.2017   0.00437154   0
4   300   0.201   20.3169   19.3188   0.00437696   0
4   300   0.202   20.4348   19.4361   0.00438236   0
4   300   0.203   20.5529   19.5536   0.00438771   0
4   300   0.204   20.6712   19.6713   0.00439303   0
4   300   0.205   20.7897   19.7892   0.00439832   0
4   300   0.206   20.9084   19.9073   0.00440357   0
4   300   0.207   21.0272   20.0256   0.00440878   0
4   300   0.208   21.1463   20.1441   0.00441396   0
4   300   0.209   21.2656   20.2628   0.00441911   0
4   300   0.21   21.385   20.3817   0.00442422   0
4   300   0.211   21.5046   20.5007   0.0044293   0
4   300   0.212   21.6245   20.62   0.00443435   0
4   300   0.213   21.7445   20.7395   0.00443936   0
4   300   0.214   21.8647   20.8592   0.00444434   0
4   300   0.215   21.9852   20.979   0.00444928   0
4   300   0.216   22.1058   21.0991   0.00445419   0
4   300   0.217   22.2266   21.2194   0.00445907   0
4   300   0.218   22.3476   21.3398   0.00446392   0
4   300   0.219   22.4688   21.4605   0.00446873   0
4   300   0.22   22.5902   21.5814   0.00447351   0
4   300   0.221   22.7118   21.7024   0.00447826   0
4   300   0.222   22.8336   21.8237   0.00448297   0
4   300   0.223   22.9556   21.9452   0.00448766   0
4   300   0.224   23.0777   22.0668   0.00449231   0
4   300   0.225   23.2001   22.1887   0.00449693   0
4   300   0.226   23.3227   22.3108   0.00450152   0
4   300   0.227   23.4455   22.433   0.00450608   0
4   300   0.228   23.5685   22.5555   0.00451061   0
4   300   0.229   23.6916   22.6782   0.0045151   0
4   300   0.23   23.815   22.8011   0.00451957   0
4   300   0.231   23.9386   22.9241   0.004524   0
4   300   0.232   24.0624   23.0474   0.00452841   0
4   300   0.233   24.1863   23.1709   0.00453278   0
4   300   0.234   24.3105   23.2946   0.00453713   0
4   300   0.235   24.4349   23.4185   0.00454144   0
4   300   0.236   24.5594   23.5426   0.00454573   0
4   300   0.237   24.6842   23.6669   0.00454998   0
4   300   0.238   24.8092   23.7914   0.00455421   0
4   300   0.239   24.9344   23.9161   0.00455841   0
4   300   0.24   25.0598   24.041   0.00456257   0
4   300   0.241   25.1853   24.1661   0.00456671   0
4   300   0.242   25.3111   24.2915   0.00457082   0
4   300   0.243   25.4371   24.417   0.00457491   0
4   300   0.244   25.5633   24.5427   0.00457896   0
4   300   0.245   25.6897   24.6687   0.00458299   0
4   300   0.246   25.8163   24.7948   0.00458698   0
4   300   0.247   25.9431   24.9212   0.00459095   0
4   300   0.248   26.0701   25.0478   0.00459489   0
4   300   0.249   26.1973   25.1745   0.00459881   0
4   300   0.25   26.3247   25.3015   0.0046027   0
4   300   0.251   26.4524   25.4287   0.00460656   0
4   300   0.252   26.5802   25.5561   0.00461039   0
4   300   0.253   26.7082   25.6837   0.0046142   0
4   300   0.254   26.8365   25.8115   0.00461798   0
4   300   0.255   26.9649   25.9396   0.00462173   0
4   300   0.256   27.0936   26.0678   0.00462546   0
4   300   0.257   27.2224   26.1963   0.00462916   0
4   300   0.258   27.3515   26.3249   0.00463283   0
4   300   0.259   27.4808   26.4538   0.00463648   0
4   300   0.26   27.6103   26.5829   0.0046401   0
4   300   0.261   27.74   26.7122   0.0046437   0
4   300   0.262   27.8699   26.8417   0.00464727   0
4   300   0.263   28   26.9714   0.00465082   0
4   300   0.264   28.1303   27.1013   0.00465434   0
4   300   0.265   28.2608   27.2315   0.00465783   0
4   300   0.266   28.3916   27.3618   0.00466131   0
4   300   0.267   28.5225   27.4924   0.00466475   0
4   300   0.268   28.6537   27.6232   0.00466818   0
4   300   0.269   28.7851   27.7542   0.00467157   0
4   300   0.27   28.9167   27.8854   0.00467495   0
4   300   0.271   29.0485   28.0168   0.0046783   0
4   300   0.272   29.1805   28.1484   0.00468163   0
4   300   0.273   29.3127   28.2803   0.00468493   0
4   300   0.274   29.4452   28.4123   0.00468821   0
4   300   0.275   29.5778   28.5446   0.00469146   0
4   300   0.276   29.7107   28.6771   0.0046947   0
4   300   0.277   29.8438   28.8099   0.0046979   0
4   300   0.278   29.9771   28.9428   0.00470109   0
4   300   0.279   30.1106   29.0759   0.00470426   0
4   300   0.28   30.2443   29.2093   0.0047074   0
4   300   0.281   30.3782   29.3429   0.00471051   0
4   300   0.282   30.5124   29.4767   0.00471361   0
4   300   0.283   30.6468   29.6107   0.00471669   0
4   300   0.284   30.7814   29.745   0.00471974   0
4   300   0.285   30.9162   29.8794   0.00472277   0
4   300   0.286   31.0512   30.0141   0.00472578   0
4   300   0.287   31.1864   30.149   0.00472876   0
4   300   0.288   31.3219   30.2841   0.00473173   0
4   300   0.289   31.4576   30.4195   0.00473467   0
4   300   0.29   31.5935   30.555   0.0047376   0
4   300   0.291   31.7296   30.6908   0.0047405   0
4   300   0.292   31.8659   30.8268   0.00474338   0
4   300   0.293   32.0025   30.9631   0.00474624   0
4   300   0.294   32.1392   31.0995   0.00474908   0
4   300   0.295   32.2762   31.2362   0.0047519   0
4   300   0.296   32.4134   31.3731   0.0047547   0
4   300   0.297   32.5509   31.5102   0.00475747   0
4   300   0.298   32.6885   31.6475   0.00476023   0
4   300   0.299   32.8264   31.7851   0.00476297   0
4   300   0.3   32.9645   31.9229   0.00476569   0
4   300   0.301   33.1028   32.0609   0.00476839   0
4   300   0.302   33.2414   32.1991   0.00477107   0
4   300   0.303   33.3802   32.3376   0.00477373   0
4   300   0.304   33.5192   32.4763   0.00477637   0
4   300   0.305   33.6584   32.6152   0.004779   0
4   300   0.306   33.7978   32.7543   0.0047816   0
4   300   0.307   33.9375   32.8937   0.00478418   0
4   300   0.308   34.0774   33.0333   0.00478675   0
4   300   0.309   34.2175   33.1731   0.0047893   0
4   300   0.31   34.3578   33.3132   0.00479183   0
4   300   0.311   34.4984   33.4534   0.00479434   0
4   300   0.312   34.6392   33.594   0.00479683   0
4   300   0.313   34.7802   33.7347   0.00479931   0
4   300   0.314   34.9215   33.8757   0.00480176   0
4   300   0.315   35.063   34.0168   0.0048042   0
4   300   0.316   35.2047   34.1583   0.00480662   0
4   300   0.317   35.3466   34.2999   0.00480903   0
4   300   0.318   35.4888   34.4418   0.00481141   0
4   300   0.319   35.6312   34.5839   0.00481378   0
4   300   0.32   35.7738   34.7263   0.00481614   0
4   300   0.321   35.9167   34.8689   0.00481847   0
4   300   0.322   36.0597   35.0117   0.00482079   0
4   300   0.323   36.2031   35.1547   0.00482309   0
4   300   0.324   36.3466   35.298   0.00482538   0
4   300   0.325   36.4904   35.4415   0.00482765   0
4   300   0.326   36.6344   35.5852   0.0048299   0
4   300   0.327   36.7786   35.7292   0.00483214   0
4   300   0.328   36.9231   35.8734   0.00483436   0
4   300   0.329   37.0678   36.0179   0.00483656   0
4   300   0.33   37.2128   36.1626   0.00483875   0
4   300   0.331   37.3579   36.3075   0.00484092   0
4   300   0.332   37.5033   36.4526   0.00484308   0
4   300   0.333   37.649   36.598   0.00484522   0
4   300   0.334   37.7949   36.7437   0.00484735   0
4   300   0.335   37.941   36.8895   0.00484946   0
4   300   0.336   38.0873   37.0356   0.00485156   0
4   300   0.337   38.2339   37.182   0.00485364   0
4   300   0.338   38.3808   37.3285   0.0048557   0
4   300   0.339   38.5278   37.4754   0.00485776   0
4   300   0.34   38.6751   37.6224   0.00485979   0
4   300   0.341   38.8227   37.7697   0.00486182   0
4   300   0.342   38.9704   37.9172   0.00486382   0
4   300   0.343   39.1185   38.065   0.00486582   0
4   300   0.344   39.2667   38.213   0.0048678   0
4   300   0.345   39.4152   38.3613   0.00486976   0
4   300   0.346   39.564   38.5098   0.00487171   0
4   300   0.347   39.7129   38.6585   0.00487365   0
4   300   0.348   39.8622   38.8075   0.00487558   0
4   300   0.349   40.0116   38.9567   0.00487749   0
4   300   0.35   40.1613   39.1062   0.00487938   0
4   300   0.351   40.3113   39.2559   0.00488127   0
4   300   0.352   40.4614   39.4059   0.00488314   0
4   300   0.353   40.6119   39.5561   0.00488499   0
4   300   0.354   40.7626   39.7065   0.00488684   0
4   300   0.355   40.9135   39.8572   0.00488867   0
4   300   0.356   41.0646   40.0082   0.00489049   0
4   300   0.357   41.216   40.1593   0.00489229   0
4   300   0.358   41.3677   40.3108   0.00489409   0
4   300   0.359   41.5196   40.4624   0.00489587   0
4   300   0.36   41.6717   40.6144   0.00489763   0
4   300   0.361   41.8241   40.7665   0.00489939   0
4   300   0.362   41.9768   40.919   0.00490113   0
4   300   0.363   42.1297   41.0716   0.00490286   0
4   300   0.364   42.2828   41.2245   0.00490458   0
4   300   0.365   42.4362   41.3777   0.00490629   0
4   300   0.366   42.5898   41.5311   0.00490799   0
4   300   0.367   42.7437   41.6848   0.00490967   0
4   300   0.368   42.8978   41.8387   0.00491134   0
4   300   0.369   43.0522   41.9929   0.004913   0
4   300   0.37   43.2068   42.1473   0.00491465   0
4   300   0.371   43.3617   42.302   0.00491629   0
4   300   0.372   43.5168   42.4569   0.00491792   0
4   300   0.373   43.6722   42.6121   0.00491954   0
4   300   0.374   43.8279   42.7675   0.00492114   0
4   300   0.375   43.9838   42.9232   0.00492273   0
4   300   0.376   44.1399   43.0792   0.00492432   0
4   300   0.377   44.2963   43.2353   0.00492589   0
4   300   0.378   44.453   43.3918   0.00492745   0
4   300   0.379   44.6099   43.5485   0.004929   0
4   300   0.38   44.767   43.7055   0.00493055   0
4   300   0.381   44.9244   43.8627   0.00493208   0
4   300   0.382   45.0821   44.0202   0.0049336   0
4   300   0.383   45.2401   44.1779   0.00493511   0
4   300   0.384   45.3982   44.3359   0.00493661   0
4   300   0.385   45.5567   44.4941   0.0049381   0
4   300   0.386   45.7154   44.6527   0.00493958   0
4   300   0.387   45.8744   44.8114   0.00494105   0
4   300   0.388   46.0336   44.9705   0.00494251   0
4   300   0.389   46.1931   45.1297   0.00494397   0
4   300   0.39   46.3528   45.2893   0.00494541   0
4   300   0.391   46.5128   45.4491   0.00494684   0
4   300   0.392   46.6731   45.6092   0.00494827   0
4   300   0.393   46.8336   45.7695   0.00494968   0
4   300   0.394   46.9944   45.9301   0.00495109   0
4   300   0.395   47.1554   46.091   0.00495248   0
4   300   0.396   47.3167   46.2521   0.00495387   0
4   300   0.397   47.4783   46.4135   0.00495525   0
4   300   0.398   47.6402   46.5752   0.00495662   0
4   300   0.399   47.8023   46.7371   0.00495798   0
